0.000000 0.000000
0.062500 0.100905
0.125000 0.199237
0.187500 0.293665
0.250000 0.382916
0.312500 0.465790
0.375000 0.541171
0.437500 0.608042
0.500000 0.665491
0.562500 0.712724
0.625000 0.749073
0.687500 0.774000
0.750000 0.787107
0.812500 0.788136
0.875000 0.776972
0.937500 0.753645
1.000000 0.718330
1.062500 0.671343
1.125000 0.613139
1.187500 0.544304
1.250000 0.465553
1.312500 0.377720
1.375000 0.281746
1.437500 0.178677
1.500000 0.069643
1.562500 0.044146
1.625000 0.161417
1.687500 0.280847
1.750000 0.401077
1.812500 0.520722
1.875000 0.638394
1.937500 0.752710
2.000000 0.862308
2.062500 0.965862
2.125000 1.062098
2.187500 1.149804
2.250000 1.227846
2.312500 1.295178
2.375000 1.350855
2.437500 1.394043
2.500000 1.424026
2.562500 1.440220
2.625000 1.442172
2.687500 1.429574
2.750000 1.402260
2.812500 1.360214
2.875000 1.303566
2.937500 1.232598
3.000000 1.147740
3.062500 1.049564
3.125000 0.938784
3.187500 0.816247
3.250000 0.682928
3.312500 0.539922
3.375000 0.388430
3.437500 0.229754
3.500000 0.065282
3.562500 0.103523
3.625000 0.275140
3.687500 0.447997
3.750000 0.620493
3.812500 0.791009
3.875000 0.957924
3.937500 1.119629
4.000000 1.274545
4.062500 1.421137
4.125000 1.557925
4.187500 1.683507
4.250000 1.796563
4.312500 1.895874
4.375000 1.980333
4.437500 2.048955
4.500000 2.100889
4.562500 2.135426
4.625000 2.152006
4.687500 2.150224
4.750000 2.129839
4.812500 2.090774
4.875000 2.033116
4.937500 1.957124
5.000000 1.863220
5.062500 1.751993
5.125000 1.624190
5.187500 1.480715
5.250000 1.322618
5.312500 1.151091
5.375000 0.967455
5.437500 0.773152
5.500000 0.569731
5.562500 0.358837
5.625000 0.142196
5.687500 0.078399
5.750000 0.301105
5.812500 0.524040
5.875000 0.745306
5.937500 0.962999
6.000000 1.175232
6.062500 1.380145
6.125000 1.575926
6.187500 1.760825
6.250000 1.933171
6.312500 2.091386
6.375000 2.233999
6.437500 2.359661
6.500000 2.467156
6.562500 2.555413
6.625000 2.623516
6.687500 2.670713
6.750000 2.696423
6.812500 2.700243
6.875000 2.681953
6.937500 2.641516
7.000000 2.579084
7.062500 2.494994
7.125000 2.389767
7.187500 2.264107
7.250000 2.118896
7.312500 1.955181
7.375000 1.774177
7.437500 1.577248
7.500000 1.365902
7.562500 1.141776
7.625000 0.906626
7.687500 0.662310
7.750000 0.410774
7.812500 0.154035
7.875000 0.105832
7.937500 0.366715
8.000000 0.626481
8.062500 0.882993
8.125000 1.134130
8.187500 1.377803
8.250000 1.611972
8.312500 1.834666
8.375000 2.043996
8.437500 2.238175
8.500000 2.415530
8.562500 2.574520
8.625000 2.713744
8.687500 2.831959
8.750000 2.928088
8.812500 3.001230
8.875000 3.050669
8.937500 3.075878
9.000000 3.076528
9.062500 3.052490
9.125000 3.003834
9.187500 2.930835
9.250000 2.833965
9.312500 2.713895
9.375000 2.571489
9.437500 2.407795
9.500000 2.224041
9.562500 2.021621
9.625000 1.802088
9.687500 1.567141
9.750000 1.318611
9.812500 1.058445
9.875000 0.788692
9.937500 0.511490
10.000000 0.229039
10.062500 0.056404
10.125000 0.342555
10.187500 0.627114
10.250000 0.907787
10.312500 1.182302
10.375000 1.448432
10.437500 1.704010
10.500000 1.946946
10.562500 2.175249
10.625000 2.387036
10.687500 2.580557
10.750000 2.754199
10.812500 2.906509
10.875000 3.036200
10.937500 3.142166
11.000000 3.223486
11.062500 3.279439
11.125000 3.309503
11.187500 3.313367
11.250000 3.290928
11.312500 3.242293
11.375000 3.167784
11.437500 3.067928
11.500000 2.943460
11.562500 2.795313
11.625000 2.624613
11.687500 2.432669
11.750000 2.220963
11.812500 1.991141
11.875000 1.744995
11.937500 1.484454
12.000000 1.211563
12.062500 0.928473
12.125000 0.637420
12.187500 0.340706
12.250000 0.040685
12.312500 0.260260
12.375000 0.559736
12.437500 0.855354
12.500000 1.144755
12.562500 1.425626
12.625000 1.695719
12.687500 1.952866
12.750000 2.195003
12.812500 2.420182
12.875000 2.626587
12.937500 2.812550
13.000000 2.976565
13.062500 3.117299
13.125000 3.233603
13.187500 3.324522
13.250000 3.389302
13.312500 3.427398
13.375000 3.438476
13.437500 3.422417
13.500000 3.379319
13.562500 3.309496
13.625000 3.213474
13.687500 3.091989
13.750000 2.945982
13.812500 2.776586
13.875000 2.585124
13.937500 2.373097
14.000000 2.142166
14.062500 1.894149
14.125000 1.630997
14.187500 1.354784
14.250000 1.067689
14.312500 0.771979
14.375000 0.469990
14.437500 0.164109
14.500000 0.143245
14.562500 0.449639
14.625000 0.752650
14.687500 1.049878
14.750000 1.338969
14.812500 1.617635
14.875000 1.883667
14.937500 2.134958
15.000000 2.369517
15.062500 2.585486
15.125000 2.781155
15.187500 2.954972
15.250000 3.105561
15.312500 3.231730
15.375000 3.332479
15.437500 3.407012
15.500000 3.454738
15.562500 3.475282
15.625000 3.468481
15.687500 3.434391
15.750000 3.373284
15.812500 3.285645
15.875000 3.172171
15.937500 3.033760
16.000000 2.871511
16.062500 2.686710
16.125000 2.480820
16.187500 2.255472
16.250000 2.012450
16.312500 1.753677
16.375000 1.481199
16.437500 1.197172
16.500000 0.903839
16.562500 0.603518
16.625000 0.298581
16.687500 0.008567
16.750000 0.315502
16.812500 0.619806
16.875000 0.919080
16.937500 1.210970
17.000000 1.493179
17.062500 1.763490
17.125000 2.019780
17.187500 2.260040
17.250000 2.482387
17.312500 2.685085
17.375000 2.866549
17.437500 3.025369
17.500000 3.160310
17.562500 3.270329
17.625000 3.354581
17.687500 3.412425
17.750000 3.443429
17.812500 3.447372
17.875000 3.424249
17.937500 3.374267
18.000000 3.297846
18.062500 3.195613
18.125000 3.068399
18.187500 2.917231
18.250000 2.743323
18.312500 2.548069
18.375000 2.333027
18.437500 2.099912
18.500000 1.850578
18.562500 1.587005
18.625000 1.311283
18.687500 1.025595
18.750000 0.732200
18.812500 0.433415
18.875000 0.131596
18.937500 0.170879
19.000000 0.471632
19.062500 0.768300
19.125000 1.058555
19.187500 1.340125
19.250000 1.610809
19.312500 1.868492
19.375000 2.111169
19.437500 2.336952
19.500000 2.544092
19.562500 2.730988
19.625000 2.896200
19.687500 3.038463
19.750000 3.156693
19.812500 3.249998
19.875000 3.317683
19.937500 3.359256
20.000000 3.374432
20.062500 3.363133
20.125000 3.325491
20.187500 3.261844
20.250000 3.172734
20.312500 3.058904
20.375000 2.921289
20.437500 2.761010
20.500000 2.579363
20.562500 2.377813
20.625000 2.157975
20.687500 1.921610
20.750000 1.670600
20.812500 1.406944
20.875000 1.132734
20.937500 0.850142
21.000000 0.561401
21.062500 0.268790
21.125000 0.025388
21.187500 0.318821
21.250000 0.609206
21.312500 0.894271
21.375000 1.171788
21.437500 1.439595
21.500000 1.695608
21.562500 1.937841
21.625000 2.164421
21.687500 2.373602
21.750000 2.563776
21.812500 2.733489
21.875000 2.881453
21.937500 3.006549
22.000000 3.107845
22.062500 3.184594
22.125000 3.236246
22.187500 3.262448
22.250000 3.263049
22.312500 3.238097
22.375000 3.187844
22.437500 3.112737
22.500000 3.013420
22.562500 2.890725
22.625000 2.745664
22.687500 2.579424
22.750000 2.393356
22.812500 2.188964
22.875000 1.967890
22.937500 1.731906
23.000000 1.482897
23.062500 1.222843
23.125000 0.953809
23.187500 0.677926
23.250000 0.397372
23.312500 0.114356
23.375000 0.168895
23.437500 0.450162
23.500000 0.727244
23.562500 0.997980
23.625000 1.260262
23.687500 1.512054
23.750000 1.751408
23.812500 1.976479
23.875000 2.185536
23.937500 2.376982
24.000000 2.549357
24.062500 2.701360
24.125000 2.831847
24.187500 2.939852
24.250000 3.024582
24.312500 3.085433
24.375000 3.121988
24.437500 3.134022
24.500000 3.121503
24.562500 3.084591
24.625000 3.023639
24.687500 2.939185
24.750000 2.831951
24.812500 2.702838
24.875000 2.552913
24.937500 2.383405
25.000000 2.195694
25.062500 1.991297
25.125000 1.771861
25.187500 1.539143
25.250000 1.295002
25.312500 1.041382
25.375000 0.780293
25.437500 0.513802
25.500000 0.244009
25.562500 0.026962
25.625000 0.296988
25.687500 0.563954
25.750000 0.825779
25.812500 1.080427
25.875000 1.325923
25.937500 1.560369
26.000000 1.781961
26.062500 1.988999
26.125000 2.179902
26.187500 2.353221
26.250000 2.507648
26.312500 2.642028
26.375000 2.755363
26.437500 2.846828
26.500000 2.915768
26.562500 2.961708
26.625000 2.984353
26.687500 2.983594
26.750000 2.959505
26.812500 2.912340
26.875000 2.842536
26.937500 2.750706
27.000000 2.637633
27.062500 2.504264
27.125000 2.351702
27.187500 2.181199
27.250000 1.994142
27.312500 1.792044
27.375000 1.576533
27.437500 1.349334
27.500000 1.112261
27.562500 0.867200
27.625000 0.616092
27.687500 0.360921
27.750000 0.103696
27.812500 0.153562
27.875000 0.408840
27.937500 0.660148
28.000000 0.905528
28.062500 1.143080
28.125000 1.370968
28.187500 1.587439
28.250000 1.790832
28.312500 1.979598
28.375000 2.152303
28.437500 2.307647
28.500000 2.444467
28.562500 2.561750
28.625000 2.658640
28.687500 2.734443
28.750000 2.788630
28.812500 2.820847
28.875000 2.830910
28.937500 2.818810
29.000000 2.784713
29.062500 2.728954
29.125000 2.652040
29.187500 2.554638
29.250000 2.437578
29.312500 2.301836
29.375000 2.148537
29.437500 1.978934
29.500000 1.794408
29.562500 1.596450
29.625000 1.386653
29.687500 1.166697
29.750000 0.938334
29.812500 0.703380
29.875000 0.463693
29.937500 0.221164
30.000000 0.022300
