0.000000 0.000000
0.062500 0.061843
0.125000 0.122238
0.187500 0.180741
0.250000 0.236927
0.312500 0.290396
0.375000 0.340778
0.437500 0.387728
0.500000 0.430938
0.562500 0.470130
0.625000 0.505065
0.687500 0.535536
0.750000 0.561380
0.812500 0.582467
0.875000 0.598709
0.937500 0.610057
1.000000 0.616498
1.062500 0.618062
1.125000 0.614811
1.187500 0.606847
1.250000 0.594307
1.312500 0.577359
1.375000 0.556204
1.437500 0.531074
1.500000 0.502224
1.562500 0.469938
1.625000 0.434520
1.687500 0.396295
1.750000 0.355603
1.812500 0.312798
1.875000 0.268246
1.937500 0.222320
2.000000 0.175397
2.062500 0.127858
2.125000 0.080081
2.187500 0.032439
2.250000 0.014699
2.312500 0.060977
2.375000 0.106050
2.437500 0.149586
2.500000 0.191273
2.562500 0.230817
2.625000 0.267945
2.687500 0.302408
2.750000 0.333981
2.812500 0.362465
2.875000 0.387689
2.937500 0.409509
3.000000 0.427809
3.062500 0.442504
3.125000 0.453538
3.187500 0.460883
3.250000 0.464541
3.312500 0.464542
3.375000 0.460946
3.437500 0.453836
3.500000 0.443325
3.562500 0.429547
3.625000 0.412663
3.687500 0.392852
3.750000 0.370316
3.812500 0.345271
3.875000 0.317953
3.937500 0.288609
4.000000 0.257500
4.062500 0.224894
4.125000 0.191070
4.187500 0.156307
4.250000 0.120891
4.312500 0.085107
4.375000 0.049238
4.437500 0.013564
4.500000 0.021643
4.562500 0.056117
4.625000 0.089602
4.687500 0.121855
4.750000 0.152646
4.812500 0.181759
4.875000 0.208997
4.937500 0.234177
5.000000 0.257139
5.062500 0.277740
5.125000 0.295858
5.187500 0.311393
5.250000 0.324266
5.312500 0.334421
5.375000 0.341823
5.437500 0.346459
5.500000 0.348338
5.562500 0.347489
5.625000 0.343964
5.687500 0.337834
5.750000 0.329187
5.812500 0.318132
5.875000 0.304793
5.937500 0.289311
6.000000 0.271841
6.062500 0.252550
6.125000 0.231617
6.187500 0.209231
6.250000 0.185589
6.312500 0.160895
6.375000 0.135358
6.437500 0.109188
6.500000 0.082599
6.562500 0.055804
6.625000 0.029014
6.687500 0.002435
6.750000 0.023729
6.812500 0.049282
6.875000 0.074037
6.937500 0.097814
7.000000 0.120446
7.062500 0.141776
7.125000 0.161660
7.187500 0.179968
7.250000 0.196584
7.312500 0.211406
7.375000 0.224349
7.437500 0.235344
7.500000 0.244338
7.562500 0.251294
7.625000 0.256191
7.687500 0.259025
7.750000 0.259809
7.812500 0.258569
7.875000 0.255350
7.937500 0.250208
8.000000 0.243215
8.062500 0.234455
8.125000 0.224026
8.187500 0.212035
8.250000 0.198603
8.312500 0.183855
8.375000 0.167929
8.437500 0.150967
8.500000 0.133117
8.562500 0.114533
8.625000 0.095371
8.687500 0.075788
8.750000 0.055943
8.812500 0.035994
8.875000 0.016098
8.937500 0.003593
9.000000 0.022930
9.062500 0.041767
9.125000 0.059969
9.187500 0.077405
9.250000 0.093952
9.312500 0.109497
9.375000 0.123936
9.437500 0.137177
9.500000 0.149136
9.562500 0.159742
9.625000 0.168937
9.687500 0.176671
9.750000 0.182911
9.812500 0.187632
9.875000 0.190823
9.937500 0.192486
10.000000 0.192632
10.062500 0.191287
10.125000 0.188486
10.187500 0.184274
10.250000 0.178709
10.312500 0.171855
10.375000 0.163788
10.437500 0.154591
10.500000 0.144353
10.562500 0.133172
10.625000 0.121150
10.687500 0.108394
10.750000 0.095015
10.812500 0.081127
10.875000 0.066846
10.937500 0.052290
11.000000 0.037576
11.062500 0.022820
11.125000 0.008137
11.187500 0.006360
11.250000 0.020563
11.312500 0.034366
11.375000 0.047669
11.437500 0.060379
11.500000 0.072407
11.562500 0.083670
11.625000 0.094096
11.687500 0.103618
11.750000 0.112177
11.812500 0.119724
11.875000 0.126218
11.937500 0.131626
12.000000 0.135925
12.062500 0.139100
12.125000 0.141147
12.187500 0.142069
12.250000 0.141878
12.312500 0.140594
12.375000 0.138246
12.437500 0.134871
12.500000 0.130512
12.562500 0.125220
12.625000 0.119052
12.687500 0.112071
12.750000 0.104344
12.812500 0.095944
12.875000 0.086949
12.937500 0.077436
13.000000 0.067490
13.062500 0.057194
13.125000 0.046634
13.187500 0.035897
13.250000 0.025067
13.312500 0.014232
13.375000 0.003474
13.437500 0.007124
13.500000 0.017484
13.562500 0.027530
13.625000 0.037188
13.687500 0.046392
13.750000 0.055078
13.812500 0.063189
13.875000 0.070670
13.937500 0.077476
14.000000 0.083565
14.062500 0.088904
14.125000 0.093464
14.187500 0.097223
14.250000 0.100166
14.312500 0.102285
14.375000 0.103578
14.437500 0.104049
14.500000 0.103709
14.562500 0.102576
14.625000 0.100671
14.687500 0.098023
14.750000 0.094665
14.812500 0.090637
14.875000 0.085980
14.937500 0.080743
15.000000 0.074975
15.062500 0.068731
15.125000 0.062067
15.187500 0.055042
15.250000 0.047717
15.312500 0.040153
15.375000 0.032414
15.437500 0.024563
15.500000 0.016661
15.562500 0.008771
15.625000 0.000953
15.687500 0.006733
15.750000 0.014231
15.812500 0.021485
15.875000 0.028444
15.937500 0.035061
16.000000 0.041289
16.062500 0.047088
16.125000 0.052420
16.187500 0.057253
16.250000 0.061559
16.312500 0.065313
16.375000 0.068497
16.437500 0.071096
16.500000 0.073101
16.562500 0.074507
16.625000 0.075313
16.687500 0.075525
16.750000 0.075152
16.812500 0.074207
16.875000 0.072708
16.937500 0.070676
17.000000 0.068136
17.062500 0.065118
17.125000 0.061653
17.187500 0.057777
17.250000 0.053526
17.312500 0.048940
17.375000 0.044061
17.437500 0.038932
17.500000 0.033597
17.562500 0.028100
17.625000 0.022487
17.687500 0.016804
17.750000 0.011096
17.812500 0.005406
17.875000 0.000221
17.937500 0.005743
18.000000 0.011120
18.062500 0.016312
18.125000 0.021284
18.187500 0.026000
18.250000 0.030430
18.312500 0.034544
18.375000 0.038317
18.437500 0.041726
18.500000 0.044750
18.562500 0.047375
18.625000 0.049587
18.687500 0.051377
18.750000 0.052739
18.812500 0.053671
18.875000 0.054173
18.937500 0.054249
19.000000 0.053907
19.062500 0.053157
19.125000 0.052013
19.187500 0.050491
19.250000 0.048610
19.312500 0.046390
19.375000 0.043856
19.437500 0.041033
19.500000 0.037948
19.562500 0.034629
19.625000 0.031107
19.687500 0.027412
19.750000 0.023577
19.812500 0.019634
19.875000 0.015614
19.937500 0.011550
20.000000 0.007475
20.062500 0.003419
20.125000 0.000585
20.187500 0.004509
20.250000 0.008324
20.312500 0.012002
20.375000 0.015519
20.437500 0.018849
20.500000 0.021971
20.562500 0.024865
20.625000 0.027513
20.687500 0.029899
20.750000 0.032010
20.812500 0.033836
20.875000 0.035367
20.937500 0.036597
21.000000 0.037524
21.062500 0.038145
21.125000 0.038463
21.187500 0.038479
21.250000 0.038201
21.312500 0.037635
21.375000 0.036793
21.437500 0.035685
21.500000 0.034325
21.562500 0.032730
21.625000 0.030915
21.687500 0.028899
21.750000 0.026702
21.812500 0.024343
21.875000 0.021844
21.937500 0.019227
22.000000 0.016515
22.062500 0.013730
22.125000 0.010895
22.187500 0.008032
22.250000 0.005165
22.312500 0.002315
22.375000 0.000496
22.437500 0.003248
22.500000 0.005920
22.562500 0.008494
22.625000 0.010952
22.687500 0.013277
22.750000 0.015454
22.812500 0.017470
22.875000 0.019313
22.937500 0.020970
23.000000 0.022435
23.062500 0.023699
23.125000 0.024757
23.187500 0.025605
23.250000 0.026240
23.312500 0.026663
23.375000 0.026873
23.437500 0.026875
23.500000 0.026672
23.562500 0.026270
23.625000 0.025676
23.687500 0.024898
23.750000 0.023947
23.812500 0.022833
23.875000 0.021568
23.937500 0.020165
24.000000 0.018637
24.062500 0.016999
24.125000 0.015265
24.187500 0.013451
24.250000 0.011573
24.312500 0.009645
24.375000 0.007684
24.437500 0.005705
24.500000 0.003724
24.562500 0.001756
24.625000 0.000184
24.687500 0.002083
24.750000 0.003926
24.812500 0.005700
24.875000 0.007394
24.937500 0.008996
25.000000 0.010496
25.062500 0.011885
25.125000 0.013155
25.187500 0.014297
25.250000 0.015308
25.312500 0.016181
25.375000 0.016913
25.437500 0.017501
25.500000 0.017944
25.562500 0.018242
25.625000 0.018395
25.687500 0.018407
25.750000 0.018278
25.812500 0.018014
25.875000 0.017620
25.937500 0.017101
26.000000 0.016465
26.062500 0.015718
26.125000 0.014868
26.187500 0.013925
26.250000 0.012897
26.312500 0.011794
26.375000 0.010627
26.437500 0.009405
26.500000 0.008139
26.562500 0.006839
26.625000 0.005517
26.687500 0.004182
26.750000 0.002846
26.812500 0.001518
26.875000 0.000207
26.937500 0.001075
27.000000 0.002321
27.062500 0.003522
27.125000 0.004669
27.187500 0.005756
27.250000 0.006774
27.312500 0.007720
27.375000 0.008585
27.437500 0.009367
27.500000 0.010062
27.562500 0.010664
27.625000 0.011174
27.687500 0.011588
27.750000 0.011906
27.812500 0.012128
27.875000 0.012254
27.937500 0.012286
28.000000 0.012225
28.062500 0.012074
28.125000 0.011837
28.187500 0.011517
28.250000 0.011118
28.312500 0.010646
28.375000 0.010106
28.437500 0.009503
28.500000 0.008844
28.562500 0.008135
28.625000 0.007381
28.687500 0.006591
28.750000 0.005770
28.812500 0.004926
28.875000 0.004066
28.937500 0.003196
29.000000 0.002323
29.062500 0.001454
29.125000 0.000595
29.187500 0.000248
29.250000 0.001069
29.312500 0.001862
29.375000 0.002622
29.437500 0.003345
29.500000 0.004025
29.562500 0.004659
29.625000 0.005243
29.687500 0.005775
29.750000 0.006251
29.812500 0.006669
29.875000 0.007028
29.937500 0.007327
30.000000 0.007564
