0.000000 0.000000
0.062500 0.062030
0.125000 0.122809
0.187500 0.181880
0.250000 0.238805
0.312500 0.293171
0.375000 0.344587
0.437500 0.392691
0.500000 0.437150
0.562500 0.477666
0.625000 0.513972
0.687500 0.545839
0.750000 0.573076
0.812500 0.595527
0.875000 0.613079
0.937500 0.625657
1.000000 0.633224
1.062500 0.635783
1.125000 0.633378
1.187500 0.626089
1.250000 0.614032
1.312500 0.597361
1.375000 0.576262
1.437500 0.550954
1.500000 0.521686
1.562500 0.488734
1.625000 0.452399
1.687500 0.413005
1.750000 0.370896
1.812500 0.326432
1.875000 0.279988
1.937500 0.231948
2.000000 0.182706
2.062500 0.132657
2.125000 0.082201
2.187500 0.031734
2.250000 0.018353
2.312500 0.067675
2.375000 0.115859
2.437500 0.162546
2.500000 0.207392
2.562500 0.250072
2.625000 0.290281
2.687500 0.327739
2.750000 0.362188
2.812500 0.393400
2.875000 0.421171
2.937500 0.445330
3.000000 0.465733
3.062500 0.482270
3.125000 0.494859
3.187500 0.503452
3.250000 0.508033
3.312500 0.508614
3.375000 0.505242
3.437500 0.497992
3.500000 0.486969
3.562500 0.472303
3.625000 0.454156
3.687500 0.432710
3.750000 0.408173
3.812500 0.380774
3.875000 0.350761
3.937500 0.318399
4.000000 0.283969
4.062500 0.247763
4.125000 0.210085
4.187500 0.171244
4.250000 0.131557
4.312500 0.091343
4.375000 0.050919
4.437500 0.010603
4.500000 0.029296
4.562500 0.068471
4.625000 0.106628
4.687500 0.143485
4.750000 0.178770
4.812500 0.212229
4.875000 0.243627
4.937500 0.272744
5.000000 0.299384
5.062500 0.323369
5.125000 0.344548
5.187500 0.362791
5.250000 0.377992
5.312500 0.390071
5.375000 0.398974
5.437500 0.404671
5.500000 0.407157
5.562500 0.406453
5.625000 0.402604
5.687500 0.395680
5.750000 0.385771
5.812500 0.372993
5.875000 0.357479
5.937500 0.339384
6.000000 0.318881
6.062500 0.296158
6.125000 0.271419
6.187500 0.244882
6.250000 0.216775
6.312500 0.187335
6.375000 0.156807
6.437500 0.125441
6.500000 0.093492
6.562500 0.061215
6.625000 0.028863
6.687500 0.003311
6.750000 0.035060
6.812500 0.066142
6.875000 0.096325
6.937500 0.125385
7.000000 0.153112
7.062500 0.179307
7.125000 0.203784
7.187500 0.226377
7.250000 0.246933
7.312500 0.265317
7.375000 0.281415
7.437500 0.295129
7.500000 0.306383
7.562500 0.315120
7.625000 0.321303
7.687500 0.324917
7.750000 0.325965
7.812500 0.324471
7.875000 0.320477
7.937500 0.314047
8.000000 0.305260
8.062500 0.294214
8.125000 0.281022
8.187500 0.265814
8.250000 0.248732
8.312500 0.229933
8.375000 0.209583
8.437500 0.187859
8.500000 0.164948
8.562500 0.141042
8.625000 0.116338
8.687500 0.091038
8.750000 0.065347
8.812500 0.039467
8.875000 0.013603
8.937500 0.012046
9.000000 0.037283
9.062500 0.061916
9.125000 0.085764
9.187500 0.108650
9.250000 0.130408
9.312500 0.150885
9.375000 0.169936
9.437500 0.187433
9.500000 0.203257
9.562500 0.217308
9.625000 0.229499
9.687500 0.239757
9.750000 0.248028
9.812500 0.254272
9.875000 0.258465
9.937500 0.260601
10.000000 0.260688
10.062500 0.258752
10.125000 0.254832
10.187500 0.248983
10.250000 0.241276
10.312500 0.231792
10.375000 0.220627
10.437500 0.207889
10.500000 0.193697
10.562500 0.178178
10.625000 0.161469
10.687500 0.143715
10.750000 0.125067
10.812500 0.105679
10.875000 0.085713
10.937500 0.065329
11.000000 0.044692
11.062500 0.023964
11.125000 0.003308
11.187500 0.017117
11.250000 0.037155
11.312500 0.056657
11.375000 0.075477
11.437500 0.093477
11.500000 0.110528
11.562500 0.126511
11.625000 0.141313
11.687500 0.154834
11.750000 0.166987
11.812500 0.177693
11.875000 0.186887
11.937500 0.194517
12.000000 0.200543
12.062500 0.204938
12.125000 0.207688
12.187500 0.208793
12.250000 0.208264
12.312500 0.206126
12.375000 0.202415
12.437500 0.197180
12.500000 0.190480
12.562500 0.182385
12.625000 0.172976
12.687500 0.162341
12.750000 0.150579
12.812500 0.137795
12.875000 0.124100
12.937500 0.109613
13.000000 0.094455
13.062500 0.078752
13.125000 0.062634
13.187500 0.046229
13.250000 0.029670
13.312500 0.013086
13.375000 0.003393
13.437500 0.019641
13.500000 0.035535
13.562500 0.050956
13.625000 0.065790
13.687500 0.079929
13.750000 0.093273
13.812500 0.105727
13.875000 0.117206
13.937500 0.127633
14.000000 0.136941
14.062500 0.145070
14.125000 0.151972
14.187500 0.157610
14.250000 0.161955
14.312500 0.164989
14.375000 0.166706
14.437500 0.167108
14.500000 0.166208
14.562500 0.164030
14.625000 0.160606
14.687500 0.155978
14.750000 0.150198
14.812500 0.143325
14.875000 0.135424
14.937500 0.126571
15.000000 0.116846
15.062500 0.106335
15.125000 0.095130
15.187500 0.083326
15.250000 0.071022
15.312500 0.058319
15.375000 0.045322
15.437500 0.032135
15.500000 0.018862
15.562500 0.005608
15.625000 0.007525
15.687500 0.020437
15.750000 0.033030
15.812500 0.045210
15.875000 0.056888
15.937500 0.067979
16.000000 0.078406
16.062500 0.088094
16.125000 0.096979
16.187500 0.105001
16.250000 0.112108
16.312500 0.118258
16.375000 0.123413
16.437500 0.127547
16.500000 0.130640
16.562500 0.132681
16.625000 0.133667
16.687500 0.133604
16.750000 0.132505
16.812500 0.130391
16.875000 0.127292
16.937500 0.123244
17.000000 0.118290
17.062500 0.112480
17.125000 0.105869
17.187500 0.098519
17.250000 0.090496
17.312500 0.081870
17.375000 0.072716
17.437500 0.063112
17.500000 0.053137
17.562500 0.042874
17.625000 0.032406
17.687500 0.021816
17.750000 0.011189
17.812500 0.000607
17.875000 0.009849
17.937500 0.020098
18.000000 0.030064
18.062500 0.039673
18.125000 0.048855
18.187500 0.057543
18.250000 0.065677
18.312500 0.073201
18.375000 0.080063
18.437500 0.086219
18.500000 0.091629
18.562500 0.096262
18.625000 0.100089
18.687500 0.103093
18.750000 0.105259
18.812500 0.106582
18.875000 0.107062
18.937500 0.106705
19.000000 0.105524
19.062500 0.103539
19.125000 0.100776
19.187500 0.097265
19.250000 0.093043
19.312500 0.088152
19.375000 0.082637
19.437500 0.076550
19.500000 0.069944
19.562500 0.062878
19.625000 0.055411
19.687500 0.047608
19.750000 0.039532
19.812500 0.031249
19.875000 0.022827
19.937500 0.014333
20.000000 0.005832
20.062500 0.002608
20.125000 0.010922
20.187500 0.019049
20.250000 0.026927
20.312500 0.034498
20.375000 0.041708
20.437500 0.048504
20.500000 0.054840
20.562500 0.060672
20.625000 0.065960
20.687500 0.070671
20.750000 0.074775
20.812500 0.078248
20.875000 0.081070
20.937500 0.083229
21.000000 0.084715
21.062500 0.085525
21.125000 0.085662
21.187500 0.085132
21.250000 0.083948
21.312500 0.082128
21.375000 0.079693
21.437500 0.076670
21.500000 0.073090
21.562500 0.068987
21.625000 0.064399
21.687500 0.059369
21.750000 0.053941
21.812500 0.048162
21.875000 0.042081
21.937500 0.035749
22.000000 0.029218
22.062500 0.022542
22.125000 0.015774
22.187500 0.008967
22.250000 0.002175
22.312500 0.004549
22.375000 0.011154
22.437500 0.017591
22.500000 0.023812
22.562500 0.029770
22.625000 0.035423
22.687500 0.040731
22.750000 0.045658
22.812500 0.050169
22.875000 0.054234
22.937500 0.057829
23.000000 0.060930
23.062500 0.063519
23.125000 0.065584
23.187500 0.067114
23.250000 0.068105
23.312500 0.068554
23.375000 0.068467
23.437500 0.067849
23.500000 0.066712
23.562500 0.065072
23.625000 0.062948
23.687500 0.060361
23.750000 0.057338
23.812500 0.053908
23.875000 0.050102
23.937500 0.045955
24.000000 0.041502
24.062500 0.036783
24.125000 0.031838
24.187500 0.026706
24.250000 0.021431
24.312500 0.016056
24.375000 0.010622
24.437500 0.005174
24.500000 0.000247
24.562500 0.005599
24.625000 0.010840
24.687500 0.015933
24.750000 0.020838
24.812500 0.025521
24.875000 0.029948
24.937500 0.034088
25.000000 0.037911
25.062500 0.041393
25.125000 0.044511
25.187500 0.047244
25.250000 0.049577
25.312500 0.051496
25.375000 0.052992
25.437500 0.054058
25.500000 0.054692
25.562500 0.054893
25.625000 0.054666
25.687500 0.054017
25.750000 0.052958
25.812500 0.051501
25.875000 0.049662
25.937500 0.047461
26.000000 0.044919
26.062500 0.042060
26.125000 0.038910
26.187500 0.035497
26.250000 0.031851
26.312500 0.028004
26.375000 0.023987
26.437500 0.019834
26.500000 0.015578
26.562500 0.011255
26.625000 0.006897
26.687500 0.002541
26.750000 0.001781
26.812500 0.006036
26.875000 0.010191
26.937500 0.014215
27.000000 0.018079
27.062500 0.021755
27.125000 0.025216
27.187500 0.028439
27.250000 0.031401
27.312500 0.034082
27.375000 0.036466
27.437500 0.038537
27.500000 0.040284
27.562500 0.041696
27.625000 0.042767
27.687500 0.043493
27.750000 0.043873
27.812500 0.043908
27.875000 0.043601
27.937500 0.042960
28.000000 0.041993
28.062500 0.040713
28.125000 0.039133
28.187500 0.037269
28.250000 0.035138
28.312500 0.032762
28.375000 0.030161
28.437500 0.027358
28.500000 0.024378
28.562500 0.021245
28.625000 0.017987
28.687500 0.014630
28.750000 0.011200
28.812500 0.007727
28.875000 0.004237
28.937500 0.000757
29.000000 0.002686
29.062500 0.006065
29.125000 0.009355
29.187500 0.012531
29.250000 0.015571
29.312500 0.018452
29.375000 0.021154
29.437500 0.023659
29.500000 0.025949
29.562500 0.028009
29.625000 0.029826
29.687500 0.031389
29.750000 0.032689
29.812500 0.033720
29.875000 0.034476
29.937500 0.034955
30.000000 0.035157
