0.000000 0.000000
0.031250 0.040886
0.062500 0.081374
0.093750 0.121349
0.125000 0.160700
0.156250 0.199317
0.187500 0.237094
0.218750 0.273925
0.250000 0.309711
0.281250 0.344353
0.312500 0.377758
0.343750 0.409835
0.375000 0.440499
0.406250 0.469667
0.437500 0.497262
0.468750 0.523211
0.500000 0.547446
0.531250 0.569904
0.562500 0.590527
0.593750 0.609261
0.625000 0.626061
0.656250 0.640882
0.687500 0.653688
0.718750 0.664449
0.750000 0.673139
0.781250 0.679737
0.812500 0.684230
0.843750 0.686608
0.875000 0.686870
0.906250 0.685019
0.937500 0.681061
0.968750 0.675013
1.000000 0.666892
1.031250 0.656726
1.062500 0.644543
1.093750 0.630380
1.125000 0.614279
1.156250 0.596284
1.187500 0.576448
1.218750 0.554826
1.250000 0.531479
1.281250 0.506472
1.312500 0.479873
1.343750 0.451757
1.375000 0.422201
1.406250 0.391285
1.437500 0.359095
1.468750 0.325718
1.500000 0.291244
1.531250 0.255768
1.562500 0.219386
1.593750 0.182195
1.625000 0.144297
1.656250 0.105794
1.687500 0.066790
1.718750 0.027390
1.750000 0.012301
1.781250 0.052175
1.812500 0.092124
1.843750 0.132043
1.875000 0.171822
1.906250 0.211355
1.937500 0.250536
1.968750 0.289259
2.000000 0.327420
2.031250 0.364915
2.062500 0.401643
2.093750 0.437506
2.125000 0.472405
2.156250 0.506246
2.187500 0.538937
2.218750 0.570388
2.250000 0.600514
2.281250 0.629230
2.312500 0.656458
2.343750 0.682122
2.375000 0.706151
2.406250 0.728475
2.437500 0.749032
2.468750 0.767763
2.500000 0.784612
2.531250 0.799530
2.562500 0.812472
2.593750 0.823396
2.625000 0.832269
2.656250 0.839059
2.687500 0.843741
2.718750 0.846296
2.750000 0.846708
2.781250 0.844969
2.812500 0.841074
2.843750 0.835025
2.875000 0.826827
2.906250 0.816494
2.937500 0.804042
2.968750 0.789494
3.000000 0.772876
3.031250 0.754224
3.062500 0.733572
3.093750 0.710966
3.125000 0.686452
3.156250 0.660083
3.187500 0.631915
3.218750 0.602011
3.250000 0.570436
3.281250 0.537260
3.312500 0.502558
3.343750 0.466406
3.375000 0.428888
3.406250 0.390087
3.437500 0.350093
3.468750 0.308997
3.500000 0.266893
3.531250 0.223878
3.562500 0.180051
3.593750 0.135515
3.625000 0.090371
3.656250 0.044727
3.687500 0.001313
3.718750 0.047639
3.750000 0.094144
3.781250 0.140717
3.812500 0.187250
3.843750 0.233631
3.875000 0.279751
3.906250 0.325500
3.937500 0.370770
3.968750 0.415452
4.000000 0.459438
4.031250 0.502624
4.062500 0.544905
4.093750 0.586179
4.125000 0.626345
4.156250 0.665306
4.187500 0.702967
4.218750 0.739235
4.250000 0.774020
4.281250 0.807236
4.312500 0.838801
4.343750 0.868634
4.375000 0.896661
4.406250 0.922809
4.437500 0.947012
4.468750 0.969207
4.500000 0.989334
4.531250 1.007339
4.562500 1.023174
4.593750 1.036794
4.625000 1.048159
4.656250 1.057234
4.687500 1.063992
4.718750 1.068406
4.750000 1.070458
4.781250 1.070136
4.812500 1.067430
4.843750 1.062337
4.875000 1.054861
4.906250 1.045010
4.937500 1.032795
4.968750 1.018238
5.000000 1.001360
5.031250 0.982192
5.062500 0.960769
5.093750 0.937129
5.125000 0.911319
5.156250 0.883386
5.187500 0.853387
5.218750 0.821381
5.250000 0.787431
5.281250 0.751606
5.312500 0.713979
5.343750 0.674627
5.375000 0.633631
5.406250 0.591075
5.437500 0.547050
5.468750 0.501646
5.500000 0.454959
5.531250 0.407087
5.562500 0.358131
5.593750 0.308196
5.625000 0.257388
5.656250 0.205815
5.687500 0.153587
5.718750 0.100816
5.750000 0.047616
5.781250 0.005898
5.812500 0.059611
5.843750 0.113406
5.875000 0.167167
5.906250 0.220777
5.937500 0.274119
5.968750 0.327077
6.000000 0.379534
6.031250 0.431375
6.062500 0.482488
6.093750 0.532758
6.125000 0.582076
6.156250 0.630331
6.187500 0.677417
6.218750 0.723230
6.250000 0.767666
6.281250 0.810627
6.312500 0.852017
6.343750 0.891741
6.375000 0.929711
6.406250 0.965840
6.437500 1.000046
6.468750 1.032251
6.500000 1.062381
6.531250 1.090366
6.562500 1.116140
6.593750 1.139643
6.625000 1.160819
6.656250 1.179618
6.687500 1.195993
6.718750 1.209903
6.750000 1.221314
6.781250 1.230194
6.812500 1.236519
6.843750 1.240269
6.875000 1.241431
6.906250 1.239996
6.937500 1.235961
6.968750 1.229329
7.000000 1.220108
7.031250 1.208311
7.062500 1.193958
7.093750 1.177075
7.125000 1.157690
7.156250 1.135839
7.187500 1.111564
7.218750 1.084910
7.250000 1.055929
7.281250 1.024676
7.312500 0.991214
7.343750 0.955607
7.375000 0.917927
7.406250 0.878249
7.437500 0.836651
7.468750 0.793218
7.500000 0.748037
7.531250 0.701200
7.562500 0.652801
7.593750 0.602939
7.625000 0.551716
7.656250 0.499237
7.687500 0.445608
7.718750 0.390940
7.750000 0.335346
7.781250 0.278939
7.812500 0.221837
7.843750 0.164157
7.875000 0.106018
7.906250 0.047541
7.937500 0.011153
7.968750 0.069943
8.000000 0.128705
8.031250 0.187318
8.062500 0.245659
8.093750 0.303607
8.125000 0.361041
8.156250 0.417841
8.187500 0.473887
8.218750 0.529064
8.250000 0.583254
8.281250 0.636344
8.312500 0.688223
8.343750 0.738781
8.375000 0.787913
8.406250 0.835513
8.437500 0.881482
8.468750 0.925723
8.500000 0.968142
8.531250 1.008648
8.562500 1.047156
8.593750 1.083584
8.625000 1.117853
8.656250 1.149892
8.687500 1.179630
8.718750 1.207004
8.750000 1.231954
8.781250 1.254427
8.812500 1.274374
8.843750 1.291749
8.875000 1.306516
8.906250 1.318640
8.937500 1.328095
8.968750 1.334857
9.000000 1.338910
9.031250 1.340243
9.062500 1.338850
9.093750 1.334732
9.125000 1.327895
9.156250 1.318349
9.187500 1.306113
9.218750 1.291208
9.250000 1.273663
9.281250 1.253511
9.312500 1.230792
9.343750 1.205549
9.375000 1.177833
9.406250 1.147698
9.437500 1.115203
9.468750 1.080414
9.500000 1.043399
9.531250 1.004233
9.562500 0.962994
9.593750 0.919765
9.625000 0.874633
9.656250 0.827688
9.687500 0.779025
9.718750 0.728743
9.750000 0.676942
9.781250 0.623728
9.812500 0.569208
9.843750 0.513492
9.875000 0.456694
9.906250 0.398927
9.937500 0.340311
9.968750 0.280962
10.000000 0.221003
10.031250 0.160554
10.062500 0.099738
10.093750 0.038679
10.125000 0.022499
10.156250 0.083672
10.187500 0.144716
10.218750 0.205506
10.250000 0.265919
10.281250 0.325831
10.312500 0.385122
10.343750 0.443671
10.375000 0.501357
10.406250 0.558065
10.437500 0.613678
10.468750 0.668084
10.500000 0.721172
10.531250 0.772833
10.562500 0.822963
10.593750 0.871460
10.625000 0.918225
10.656250 0.963162
10.687500 1.006181
10.718750 1.047194
10.750000 1.086118
10.781250 1.122872
10.812500 1.157384
10.843750 1.189581
10.875000 1.219400
10.906250 1.246779
10.937500 1.271663
10.968750 1.294001
11.000000 1.313747
11.031250 1.330862
11.062500 1.345311
11.093750 1.357064
11.125000 1.366098
11.156250 1.372394
11.187500 1.375939
11.218750 1.376727
11.250000 1.374756
11.281250 1.370029
11.312500 1.362557
11.343750 1.352354
11.375000 1.339441
11.406250 1.323845
11.437500 1.305597
11.468750 1.284734
11.500000 1.261298
11.531250 1.235337
11.562500 1.206903
11.593750 1.176055
11.625000 1.142854
11.656250 1.107367
11.687500 1.069667
11.718750 1.029830
11.750000 0.987936
11.781250 0.944070
11.812500 0.898321
11.843750 0.850781
11.875000 0.801546
11.906250 0.750715
11.937500 0.698391
11.968750 0.644680
12.000000 0.589690
12.031250 0.533532
12.062500 0.476319
12.093750 0.418166
12.125000 0.359190
12.156250 0.299511
12.187500 0.239247
12.218750 0.178521
12.250000 0.117454
12.281250 0.056169
12.312500 0.005212
12.343750 0.066564
12.375000 0.127764
12.406250 0.188691
12.437500 0.249222
12.468750 0.309236
12.500000 0.368612
12.531250 0.427233
12.562500 0.484980
12.593750 0.541740
12.625000 0.597397
12.656250 0.651842
12.687500 0.704966
12.718750 0.756664
12.750000 0.806832
12.781250 0.855371
12.812500 0.902184
12.843750 0.947180
12.875000 0.990268
12.906250 1.031364
12.937500 1.070387
12.968750 1.107260
13.000000 1.141911
13.031250 1.174271
13.062500 1.204277
13.093750 1.231871
13.125000 1.256999
13.156250 1.279613
13.187500 1.299669
13.218750 1.317129
13.250000 1.331959
13.281250 1.344132
13.312500 1.353626
13.343750 1.360422
13.375000 1.364511
13.406250 1.365885
13.437500 1.364544
13.468750 1.360492
13.500000 1.353740
13.531250 1.344303
13.562500 1.332203
13.593750 1.317465
13.625000 1.300121
13.656250 1.280207
13.687500 1.257766
13.718750 1.232845
13.750000 1.205494
13.781250 1.175772
13.812500 1.143738
13.843750 1.109459
13.875000 1.073006
13.906250 1.034452
13.937500 0.993877
13.968750 0.951363
14.000000 0.906997
14.031250 0.860869
14.062500 0.813072
14.093750 0.763703
14.125000 0.712863
14.156250 0.660653
14.187500 0.607179
14.218750 0.552549
14.250000 0.496872
14.281250 0.440261
14.312500 0.382829
14.343750 0.324692
14.375000 0.265965
14.406250 0.206767
14.437500 0.147215
14.468750 0.087429
14.500000 0.027528
14.531250 0.032370
14.562500 0.092144
14.593750 0.151676
14.625000 0.210847
14.656250 0.269542
14.687500 0.327642
14.718750 0.385034
14.750000 0.441603
14.781250 0.497239
14.812500 0.551832
14.843750 0.605274
14.875000 0.657461
14.906250 0.708290
14.937500 0.757662
14.968750 0.805480
15.000000 0.851651
15.031250 0.896085
15.062500 0.938696
15.093750 0.979401
15.125000 1.018123
15.156250 1.054785
15.187500 1.089319
15.218750 1.121658
15.250000 1.151740
15.281250 1.179508
15.312500 1.204911
15.343750 1.227900
15.375000 1.248434
15.406250 1.266474
15.437500 1.281987
15.468750 1.294947
15.500000 1.305330
15.531250 1.313120
15.562500 1.318304
15.593750 1.320875
15.625000 1.320832
15.656250 1.318178
15.687500 1.312923
15.718750 1.305079
15.750000 1.294666
15.781250 1.281708
15.812500 1.266234
15.843750 1.248278
15.875000 1.227879
15.906250 1.205081
15.937500 1.179933
15.968750 1.152488
16.000000 1.122802
16.031250 1.090939
16.062500 1.056964
16.093750 1.020948
16.125000 0.982965
16.156250 0.943093
16.187500 0.901414
16.218750 0.858013
16.250000 0.812979
16.281250 0.766402
16.312500 0.718378
16.343750 0.669004
16.375000 0.618380
16.406250 0.566607
16.437500 0.513791
16.468750 0.460036
16.500000 0.405452
16.531250 0.350147
16.562500 0.294232
16.593750 0.237819
16.625000 0.181020
16.656250 0.123948
16.687500 0.066717
16.718750 0.009440
16.750000 0.047770
16.781250 0.104799
16.812500 0.161535
16.843750 0.217865
16.875000 0.273680
16.906250 0.328869
16.937500 0.383324
16.968750 0.436939
17.000000 0.489609
17.031250 0.541231
17.062500 0.591704
17.093750 0.640931
17.125000 0.688817
17.156250 0.735269
17.187500 0.780196
17.218750 0.823514
17.250000 0.865139
17.281250 0.904991
17.312500 0.942994
17.343750 0.979077
17.375000 1.013171
17.406250 1.045213
17.437500 1.075142
17.468750 1.102902
17.500000 1.128443
17.531250 1.151718
17.562500 1.172684
17.593750 1.191304
17.625000 1.207546
17.656250 1.221381
17.687500 1.232786
17.718750 1.241743
17.750000 1.248238
17.781250 1.252263
17.812500 1.253814
17.843750 1.252893
17.875000 1.249505
17.906250 1.243662
17.937500 1.235379
17.968750 1.224677
18.000000 1.211582
18.031250 1.196124
18.062500 1.178337
18.093750 1.158261
18.125000 1.135940
18.156250 1.111422
18.187500 1.084758
18.218750 1.056006
18.250000 1.025227
18.281250 0.992484
18.312500 0.957846
18.343750 0.921385
18.375000 0.883177
18.406250 0.843299
18.437500 0.801833
18.468750 0.758865
18.500000 0.714483
18.531250 0.668775
18.562500 0.621835
18.593750 0.573759
18.625000 0.524642
18.656250 0.474584
18.687500 0.423686
18.718750 0.372049
18.750000 0.319777
18.781250 0.266974
18.812500 0.213745
18.843750 0.160196
18.875000 0.106433
18.906250 0.052564
18.937500 0.001306
18.968750 0.055071
19.000000 0.108625
19.031250 0.161861
19.062500 0.214677
19.093750 0.266969
19.125000 0.318634
19.156250 0.369571
19.187500 0.419683
19.218750 0.468872
19.250000 0.517042
19.281250 0.564101
19.312500 0.609957
19.343750 0.654524
19.375000 0.697716
19.406250 0.739450
19.437500 0.779647
19.468750 0.818231
19.500000 0.855128
19.531250 0.890271
19.562500 0.923593
19.593750 0.955032
19.625000 0.984529
19.656250 1.012032
19.687500 1.037489
19.718750 1.060855
19.750000 1.082088
19.781250 1.101151
19.812500 1.118010
19.843750 1.132637
19.875000 1.145007
19.906250 1.155102
19.937500 1.162905
19.968750 1.168406
20.000000 1.171600
20.031250 1.172484
20.062500 1.171062
20.093750 1.167342
20.125000 1.161335
20.156250 1.153059
20.187500 1.142534
20.218750 1.129787
20.250000 1.114846
20.281250 1.097746
20.312500 1.078525
20.343750 1.057226
20.375000 1.033895
20.406250 1.008582
20.437500 0.981342
20.468750 0.952232
20.500000 0.921313
20.531250 0.888651
20.562500 0.854314
20.593750 0.818372
20.625000 0.780901
20.656250 0.741976
20.687500 0.701678
20.718750 0.660090
20.750000 0.617296
20.781250 0.573382
20.812500 0.528439
20.843750 0.482555
20.875000 0.435825
20.906250 0.388342
20.937500 0.340200
20.968750 0.291497
21.000000 0.242328
21.031250 0.192793
21.062500 0.142989
21.093750 0.093015
21.125000 0.042969
21.156250 0.007049
21.187500 0.056941
21.218750 0.106610
21.250000 0.155959
21.281250 0.204890
21.312500 0.253309
21.343750 0.301121
21.375000 0.348234
21.406250 0.394557
21.437500 0.440000
21.468750 0.484476
21.500000 0.527900
21.531250 0.570189
21.562500 0.611262
21.593750 0.651041
21.625000 0.689451
21.656250 0.726419
21.687500 0.761877
21.718750 0.795757
21.750000 0.827998
21.781250 0.858539
21.812500 0.887324
21.843750 0.914301
21.875000 0.939421
21.906250 0.962639
21.937500 0.983914
21.968750 1.003208
22.000000 1.020489
22.031250 1.035726
22.062500 1.048895
22.093750 1.059975
22.125000 1.068949
22.156250 1.075804
22.187500 1.080533
22.218750 1.083129
22.250000 1.083595
22.281250 1.081933
22.312500 1.078153
22.343750 1.072266
22.375000 1.064289
22.406250 1.054244
22.437500 1.042154
22.468750 1.028048
22.500000 1.011959
22.531250 0.993924
22.562500 0.973983
22.593750 0.952178
22.625000 0.928559
22.656250 0.903175
22.687500 0.876080
22.718750 0.847333
22.750000 0.816993
22.781250 0.785125
22.812500 0.751794
22.843750 0.717070
22.875000 0.681024
22.906250 0.643730
22.937500 0.605265
22.968750 0.565707
23.000000 0.525137
23.031250 0.483636
23.062500 0.441289
23.093750 0.398181
23.125000 0.354398
23.156250 0.310029
23.187500 0.265161
23.218750 0.219884
23.250000 0.174289
23.281250 0.128464
23.312500 0.082502
23.343750 0.036493
23.375000 0.009473
23.406250 0.055306
23.437500 0.100916
23.468750 0.146213
23.500000 0.191111
23.531250 0.235521
23.562500 0.279358
23.593750 0.322536
23.625000 0.364974
23.656250 0.406589
23.687500 0.447302
23.718750 0.487034
23.750000 0.525712
23.781250 0.563260
23.812500 0.599609
23.843750 0.634690
23.875000 0.668438
23.906250 0.700789
23.937500 0.731684
23.968750 0.761066
24.000000 0.788881
24.031250 0.815078
24.062500 0.839610
24.093750 0.862434
24.125000 0.883508
24.156250 0.902797
24.187500 0.920266
24.218750 0.935886
24.250000 0.949632
24.281250 0.961481
24.312500 0.971415
24.343750 0.979420
24.375000 0.985484
24.406250 0.989601
24.437500 0.991768
24.468750 0.991985
24.500000 0.990258
24.531250 0.986595
24.562500 0.981008
24.593750 0.973513
24.625000 0.964131
24.656250 0.952883
24.687500 0.939798
24.718750 0.924906
24.750000 0.908240
24.781250 0.889839
24.812500 0.869743
24.843750 0.847995
24.875000 0.824644
24.906250 0.799738
24.937500 0.773332
24.968750 0.745481
25.000000 0.716242
25.031250 0.685679
25.062500 0.653853
25.093750 0.620831
25.125000 0.586681
25.156250 0.551472
25.187500 0.515277
25.218750 0.478170
25.250000 0.440225
25.281250 0.401520
25.312500 0.362132
25.343750 0.322140
25.375000 0.281625
25.406250 0.240668
25.437500 0.199349
25.468750 0.157751
25.500000 0.115957
25.531250 0.074049
25.562500 0.032109
25.593750 0.009781
25.625000 0.051537
25.656250 0.093079
25.687500 0.134326
25.718750 0.175197
25.750000 0.215614
25.781250 0.255499
25.812500 0.294774
25.843750 0.333365
25.875000 0.371197
25.906250 0.408198
25.937500 0.444299
25.968750 0.479430
26.000000 0.513526
26.031250 0.546523
26.062500 0.578359
26.093750 0.608974
26.125000 0.638312
26.156250 0.666319
26.187500 0.692944
26.218750 0.718138
26.250000 0.741856
26.281250 0.764056
26.312500 0.784698
26.343750 0.803746
26.375000 0.821168
26.406250 0.836932
26.437500 0.851014
26.468750 0.863391
26.500000 0.874042
26.531250 0.882952
26.562500 0.890109
26.593750 0.895502
26.625000 0.899127
26.656250 0.900981
26.687500 0.901066
26.718750 0.899386
26.750000 0.895950
26.781250 0.890770
26.812500 0.883860
26.843750 0.875239
26.875000 0.864929
26.906250 0.852954
26.937500 0.839343
26.968750 0.824128
27.000000 0.807342
27.031250 0.789022
27.062500 0.769210
27.093750 0.747949
27.125000 0.725283
27.156250 0.701262
27.187500 0.675936
27.218750 0.649360
27.250000 0.621587
27.281250 0.592677
27.312500 0.562689
27.343750 0.531686
27.375000 0.499730
27.406250 0.466887
27.437500 0.433225
27.468750 0.398810
27.500000 0.363714
27.531250 0.328007
27.562500 0.291760
27.593750 0.255046
27.625000 0.217938
27.656250 0.180511
27.687500 0.142839
27.718750 0.104995
27.750000 0.067055
27.781250 0.029094
27.812500 0.008815
27.843750 0.046597
27.875000 0.084178
27.906250 0.121485
27.937500 0.158447
27.968750 0.194991
28.000000 0.231047
28.031250 0.266547
28.062500 0.301421
28.093750 0.335604
28.125000 0.369030
28.156250 0.401637
28.187500 0.433362
28.218750 0.464147
28.250000 0.493933
28.281250 0.522666
28.312500 0.550291
28.343750 0.576759
28.375000 0.602020
28.406250 0.626030
28.437500 0.648743
28.468750 0.670120
28.500000 0.690123
28.531250 0.708717
28.562500 0.725869
28.593750 0.741550
28.625000 0.755733
28.656250 0.768396
28.687500 0.779518
28.718750 0.789082
28.750000 0.797073
28.781250 0.803481
28.812500 0.808297
28.843750 0.811518
28.875000 0.813142
28.906250 0.813169
28.937500 0.811605
28.968750 0.808458
29.000000 0.803739
29.031250 0.797460
29.062500 0.789641
29.093750 0.780299
29.125000 0.769459
29.156250 0.757145
29.187500 0.743387
29.218750 0.728216
29.250000 0.711665
29.281250 0.693772
29.312500 0.674575
29.343750 0.654115
29.375000 0.632438
29.406250 0.609588
29.437500 0.585614
29.468750 0.560566
29.500000 0.534497
29.531250 0.507461
29.562500 0.479514
29.593750 0.450713
29.625000 0.421117
29.656250 0.390787
29.687500 0.359784
29.718750 0.328171
29.750000 0.296011
29.781250 0.263370
29.812500 0.230312
29.843750 0.196904
29.875000 0.163213
29.906250 0.129304
29.937500 0.095245
29.968750 0.061104
30.000000 0.026947
