0.000000 0.000000
0.015625 0.018038
0.031250 0.036003
0.046875 0.053885
0.062500 0.071672
0.078125 0.089353
0.093750 0.106919
0.109375 0.124358
0.125000 0.141660
0.140625 0.158816
0.156250 0.175814
0.171875 0.192645
0.187500 0.209298
0.203125 0.225765
0.218750 0.242035
0.234375 0.258099
0.250000 0.273948
0.265625 0.289572
0.281250 0.304963
0.296875 0.320112
0.312500 0.335009
0.328125 0.349647
0.343750 0.364018
0.359375 0.378112
0.375000 0.391923
0.390625 0.405442
0.406250 0.418662
0.421875 0.431576
0.437500 0.444177
0.453125 0.456457
0.468750 0.468411
0.484375 0.480030
0.500000 0.491311
0.515625 0.502245
0.531250 0.512828
0.546875 0.523054
0.562500 0.532917
0.578125 0.542413
0.593750 0.551536
0.609375 0.560283
0.625000 0.568647
0.640625 0.576627
0.656250 0.584217
0.671875 0.591413
0.687500 0.598214
0.703125 0.604614
0.718750 0.610612
0.734375 0.616205
0.750000 0.621390
0.765625 0.626165
0.781250 0.630529
0.796875 0.634479
0.812500 0.638014
0.828125 0.641134
0.843750 0.643836
0.859375 0.646122
0.875000 0.647989
0.890625 0.649439
0.906250 0.650471
0.921875 0.651085
0.937500 0.651283
0.953125 0.651065
0.968750 0.650432
0.984375 0.649385
1.000000 0.647927
1.015625 0.646059
1.031250 0.643784
1.046875 0.641102
1.062500 0.638018
1.078125 0.634534
1.093750 0.630653
1.109375 0.626378
1.125000 0.621713
1.140625 0.616662
1.156250 0.611228
1.171875 0.605416
1.187500 0.599231
1.203125 0.592676
1.218750 0.585756
1.234375 0.578477
1.250000 0.570845
1.265625 0.562863
1.281250 0.554539
1.296875 0.545877
1.312500 0.536884
1.328125 0.527567
1.343750 0.517931
1.359375 0.507983
1.375000 0.497729
1.390625 0.487178
1.406250 0.476335
1.421875 0.465208
1.437500 0.453805
1.453125 0.442133
1.468750 0.430199
1.484375 0.418012
1.500000 0.405579
1.515625 0.392909
1.531250 0.380010
1.546875 0.366889
1.562500 0.353557
1.578125 0.340020
1.593750 0.326288
1.609375 0.312370
1.625000 0.298275
1.640625 0.284010
1.656250 0.269586
1.671875 0.255012
1.687500 0.240297
1.703125 0.225449
1.718750 0.210479
1.734375 0.195395
1.750000 0.180208
1.765625 0.164926
1.781250 0.149559
1.796875 0.134116
1.812500 0.118608
1.828125 0.103044
1.843750 0.087432
1.859375 0.071784
1.875000 0.056108
1.890625 0.040415
1.906250 0.024713
1.921875 0.009012
1.937500 0.006677
1.953125 0.022346
1.968750 0.037986
1.984375 0.053585
2.000000 0.069136
2.015625 0.084629
2.031250 0.100054
2.046875 0.115401
2.062500 0.130663
2.078125 0.145830
2.093750 0.160892
2.109375 0.175841
2.125000 0.190667
2.140625 0.205362
2.156250 0.219917
2.171875 0.234324
2.187500 0.248573
2.203125 0.262657
2.218750 0.276567
2.234375 0.290295
2.250000 0.303833
2.265625 0.317173
2.281250 0.330306
2.296875 0.343226
2.312500 0.355925
2.328125 0.368395
2.343750 0.380629
2.359375 0.392620
2.375000 0.404361
2.390625 0.415846
2.406250 0.427067
2.421875 0.438018
2.437500 0.448692
2.453125 0.459085
2.468750 0.469189
2.484375 0.478999
2.500000 0.488509
2.515625 0.497715
2.531250 0.506610
2.546875 0.515189
2.562500 0.523449
2.578125 0.531384
2.593750 0.538989
2.609375 0.546261
2.625000 0.553196
2.640625 0.559789
2.656250 0.566037
2.671875 0.571937
2.687500 0.577485
2.703125 0.582679
2.718750 0.587515
2.734375 0.591992
2.750000 0.596106
2.765625 0.599855
2.781250 0.603239
2.796875 0.606254
2.812500 0.608900
2.828125 0.611175
2.843750 0.613078
2.859375 0.614609
2.875000 0.615766
2.890625 0.616550
2.906250 0.616959
2.921875 0.616996
2.937500 0.616658
2.953125 0.615948
2.968750 0.614866
2.984375 0.613412
3.000000 0.611588
3.015625 0.609396
3.031250 0.606836
3.046875 0.603910
3.062500 0.600622
3.078125 0.596972
3.093750 0.592963
3.109375 0.588598
3.125000 0.583880
3.140625 0.578812
3.156250 0.573397
3.171875 0.567638
3.187500 0.561539
3.203125 0.555104
3.218750 0.548337
3.234375 0.541242
3.250000 0.533824
3.265625 0.526086
3.281250 0.518035
3.296875 0.509674
3.312500 0.501010
3.328125 0.492047
3.343750 0.482790
3.359375 0.473246
3.375000 0.463420
3.390625 0.453318
3.406250 0.442946
3.421875 0.432310
3.437500 0.421418
3.453125 0.410274
3.468750 0.398887
3.484375 0.387263
3.500000 0.375408
3.515625 0.363330
3.531250 0.351037
3.546875 0.338535
3.562500 0.325831
3.578125 0.312934
3.593750 0.299851
3.609375 0.286590
3.625000 0.273158
3.640625 0.259564
3.656250 0.245816
3.671875 0.231921
3.687500 0.217888
3.703125 0.203725
3.718750 0.189440
3.734375 0.175042
3.750000 0.160540
3.765625 0.145941
3.781250 0.131255
3.796875 0.116489
3.812500 0.101653
3.828125 0.086755
3.843750 0.071804
3.859375 0.056809
3.875000 0.041777
3.890625 0.026719
3.906250 0.011643
3.921875 0.003443
3.937500 0.018530
3.953125 0.033608
3.968750 0.048670
3.984375 0.063706
4.000000 0.078708
4.015625 0.093667
4.031250 0.108575
4.046875 0.123423
4.062500 0.138201
4.078125 0.152903
4.093750 0.167519
4.109375 0.182041
4.125000 0.196460
4.140625 0.210769
4.156250 0.224959
4.171875 0.239021
4.187500 0.252949
4.203125 0.266733
4.218750 0.280366
4.234375 0.293841
4.250000 0.307149
4.265625 0.320282
4.281250 0.333234
4.296875 0.345997
4.312500 0.358564
4.328125 0.370927
4.343750 0.383080
4.359375 0.395015
4.375000 0.406726
4.390625 0.418206
4.406250 0.429448
4.421875 0.440447
4.437500 0.451195
4.453125 0.461688
4.468750 0.471918
4.484375 0.481880
4.500000 0.491569
4.515625 0.500979
4.531250 0.510105
4.546875 0.518941
4.562500 0.527482
4.578125 0.535724
4.593750 0.543663
4.609375 0.551293
4.625000 0.558610
4.640625 0.565610
4.656250 0.572290
4.671875 0.578646
4.687500 0.584673
4.703125 0.590369
4.718750 0.595730
4.734375 0.600754
4.750000 0.605437
4.765625 0.609778
4.781250 0.613773
4.796875 0.617421
4.812500 0.620719
4.828125 0.623665
4.843750 0.626259
4.859375 0.628498
4.875000 0.630381
4.890625 0.631908
4.906250 0.633077
4.921875 0.633889
4.937500 0.634341
4.953125 0.634435
4.968750 0.634170
4.984375 0.633547
5.000000 0.632566
5.015625 0.631227
5.031250 0.629531
5.046875 0.627480
5.062500 0.625074
5.078125 0.622315
5.093750 0.619204
5.109375 0.615744
5.125000 0.611936
5.140625 0.607782
5.156250 0.603285
5.171875 0.598448
5.187500 0.593272
5.203125 0.587762
5.218750 0.581919
5.234375 0.575748
5.250000 0.569253
5.265625 0.562435
5.281250 0.555301
5.296875 0.547852
5.312500 0.540095
5.328125 0.532032
5.343750 0.523670
5.359375 0.515011
5.375000 0.506062
5.390625 0.496827
5.406250 0.487311
5.421875 0.477520
5.437500 0.467459
5.453125 0.457135
5.468750 0.446551
5.484375 0.435716
5.500000 0.424634
5.515625 0.413311
5.531250 0.401755
5.546875 0.389972
5.562500 0.377967
5.578125 0.365749
5.593750 0.353323
5.609375 0.340697
5.625000 0.327877
5.640625 0.314872
5.656250 0.301687
5.671875 0.288330
5.687500 0.274809
5.703125 0.261132
5.718750 0.247305
5.734375 0.233337
5.750000 0.219235
5.765625 0.205008
5.781250 0.190662
5.796875 0.176206
5.812500 0.161648
5.828125 0.146996
5.843750 0.132259
5.859375 0.117443
5.875000 0.102558
5.890625 0.087612
5.906250 0.072612
5.921875 0.057568
5.937500 0.042487
5.953125 0.027379
5.968750 0.012250
5.984375 0.002890
6.000000 0.018034
6.015625 0.033172
6.031250 0.048296
6.046875 0.063399
6.062500 0.078471
6.078125 0.093505
6.093750 0.108493
6.109375 0.123425
6.125000 0.138294
6.140625 0.153092
6.156250 0.167811
6.171875 0.182442
6.187500 0.196977
6.203125 0.211409
6.218750 0.225729
6.234375 0.239930
6.250000 0.254005
6.265625 0.267944
6.281250 0.281741
6.296875 0.295388
6.312500 0.308878
6.328125 0.322203
6.343750 0.335356
6.359375 0.348330
6.375000 0.361117
6.390625 0.373711
6.406250 0.386105
6.421875 0.398292
6.437500 0.410266
6.453125 0.422020
6.468750 0.433547
6.484375 0.444842
6.500000 0.455897
6.515625 0.466708
6.531250 0.477268
6.546875 0.487572
6.562500 0.497613
6.578125 0.507387
6.593750 0.516888
6.609375 0.526112
6.625000 0.535052
6.640625 0.543705
6.656250 0.552065
6.671875 0.560128
6.687500 0.567890
6.703125 0.575346
6.718750 0.582493
6.734375 0.589326
6.750000 0.595842
6.765625 0.602038
6.781250 0.607909
6.796875 0.613454
6.812500 0.618669
6.828125 0.623550
6.843750 0.628096
6.859375 0.632305
6.875000 0.636173
6.890625 0.639699
6.906250 0.642881
6.921875 0.645717
6.937500 0.648206
6.953125 0.650346
6.968750 0.652137
6.984375 0.653577
7.000000 0.654665
7.015625 0.655402
7.031250 0.655786
7.046875 0.655818
7.062500 0.655498
7.078125 0.654825
7.093750 0.653800
7.109375 0.652424
7.125000 0.650698
7.140625 0.648622
7.156250 0.646198
7.171875 0.643427
7.187500 0.640311
7.203125 0.636850
7.218750 0.633048
7.234375 0.628906
7.250000 0.624427
7.265625 0.619613
7.281250 0.614466
7.296875 0.608989
7.312500 0.603186
7.328125 0.597060
7.343750 0.590613
7.359375 0.583850
7.375000 0.576774
7.390625 0.569389
7.406250 0.561698
7.421875 0.553707
7.437500 0.545419
7.453125 0.536839
7.468750 0.527971
7.484375 0.518821
7.500000 0.509393
7.515625 0.499692
7.531250 0.489724
7.546875 0.479493
7.562500 0.469006
7.578125 0.458268
7.593750 0.447285
7.609375 0.436063
7.625000 0.424608
7.640625 0.412925
7.656250 0.401022
7.671875 0.388904
7.687500 0.376578
7.703125 0.364052
7.718750 0.351330
7.734375 0.338421
7.750000 0.325331
7.765625 0.312067
7.781250 0.298637
7.796875 0.285047
7.812500 0.271304
7.828125 0.257417
7.843750 0.243392
7.859375 0.229238
7.875000 0.214960
7.890625 0.200568
7.906250 0.186069
7.921875 0.171471
7.937500 0.156781
7.953125 0.142007
7.968750 0.127157
7.984375 0.112239
8.000000 0.097261
8.015625 0.082231
8.031250 0.067156
8.046875 0.052046
8.062500 0.036907
8.078125 0.021749
8.093750 0.006578
8.109375 0.008596
8.125000 0.023766
8.140625 0.038925
8.156250 0.054063
8.171875 0.069173
8.187500 0.084246
8.203125 0.099276
8.218750 0.114253
8.234375 0.129171
8.250000 0.144020
8.265625 0.158794
8.281250 0.173484
8.296875 0.188083
8.312500 0.202583
8.328125 0.216976
8.343750 0.231255
8.359375 0.245412
8.375000 0.259440
8.390625 0.273331
8.406250 0.287078
8.421875 0.300674
8.437500 0.314112
8.453125 0.327385
8.468750 0.340485
8.484375 0.353406
8.500000 0.366141
8.515625 0.378684
8.531250 0.391027
8.546875 0.403165
8.562500 0.415090
8.578125 0.426798
8.593750 0.438281
8.609375 0.449534
8.625000 0.460550
8.640625 0.471325
8.656250 0.481852
8.671875 0.492126
8.687500 0.502142
8.703125 0.511894
8.718750 0.521378
8.734375 0.530588
8.750000 0.539519
8.765625 0.548168
8.781250 0.556529
8.796875 0.564599
8.812500 0.572373
8.828125 0.579847
8.843750 0.587017
8.859375 0.593880
8.875000 0.600432
8.890625 0.606670
8.906250 0.612590
8.921875 0.618190
8.937500 0.623466
8.953125 0.628417
8.968750 0.633039
8.984375 0.637330
9.000000 0.641289
9.015625 0.644912
9.031250 0.648199
9.046875 0.651147
9.062500 0.653756
9.078125 0.656024
9.093750 0.657950
9.109375 0.659532
9.125000 0.660771
9.140625 0.661666
9.156250 0.662216
9.171875 0.662421
9.187500 0.662281
9.203125 0.661797
9.218750 0.660969
9.234375 0.659797
9.250000 0.658282
9.265625 0.656425
9.281250 0.654227
9.296875 0.651689
9.312500 0.648813
9.328125 0.645601
9.343750 0.642053
9.359375 0.638173
9.375000 0.633962
9.390625 0.629422
9.406250 0.624557
9.421875 0.619368
9.437500 0.613859
9.453125 0.608032
9.468750 0.601891
9.484375 0.595439
9.500000 0.588680
9.515625 0.581616
9.531250 0.574253
9.546875 0.566593
9.562500 0.558641
9.578125 0.550402
9.593750 0.541879
9.609375 0.533077
9.625000 0.524001
9.640625 0.514656
9.656250 0.505046
9.671875 0.495177
9.687500 0.485054
9.703125 0.474682
9.718750 0.464067
9.734375 0.453214
9.750000 0.442130
9.765625 0.430820
9.781250 0.419289
9.796875 0.407545
9.812500 0.395593
9.828125 0.383439
9.843750 0.371091
9.859375 0.358553
9.875000 0.345834
9.890625 0.332940
9.906250 0.319877
9.921875 0.306652
9.937500 0.293272
9.953125 0.279745
9.968750 0.266077
9.984375 0.252275
10.000000 0.238347
10.015625 0.224300
10.031250 0.210142
10.046875 0.195879
10.062500 0.181519
10.078125 0.167070
10.093750 0.152538
10.109375 0.137933
10.125000 0.123261
10.140625 0.108529
10.156250 0.093746
10.171875 0.078920
10.187500 0.064057
10.203125 0.049166
10.218750 0.034254
10.234375 0.019330
10.250000 0.004400
10.265625 0.010528
10.281250 0.025445
10.296875 0.040344
10.312500 0.055217
10.328125 0.070058
10.343750 0.084857
10.359375 0.099608
10.375000 0.114302
10.390625 0.128933
10.406250 0.143492
10.421875 0.157973
10.437500 0.172367
10.453125 0.186668
10.468750 0.200868
10.484375 0.214960
10.500000 0.228936
10.515625 0.242790
10.531250 0.256514
10.546875 0.270101
10.562500 0.283545
10.578125 0.296838
10.593750 0.309974
10.609375 0.322946
10.625000 0.335748
10.640625 0.348372
10.656250 0.360813
10.671875 0.373064
10.687500 0.385119
10.703125 0.396972
10.718750 0.408616
10.734375 0.420047
10.750000 0.431258
10.765625 0.442243
10.781250 0.452998
10.796875 0.463516
10.812500 0.473792
10.828125 0.483822
10.843750 0.493599
10.859375 0.503120
10.875000 0.512379
10.890625 0.521372
10.906250 0.530095
10.921875 0.538542
10.937500 0.546711
10.953125 0.554596
10.968750 0.562193
10.984375 0.569501
11.000000 0.576513
11.015625 0.583228
11.031250 0.589641
11.046875 0.595750
11.062500 0.601552
11.078125 0.607044
11.093750 0.612223
11.109375 0.617087
11.125000 0.621633
11.140625 0.625860
11.156250 0.629765
11.171875 0.633346
11.187500 0.636603
11.203125 0.639532
11.218750 0.642134
11.234375 0.644407
11.250000 0.646349
11.265625 0.647961
11.281250 0.649241
11.296875 0.650190
11.312500 0.650806
11.328125 0.651089
11.343750 0.651041
11.359375 0.650660
11.375000 0.649947
11.390625 0.648904
11.406250 0.647530
11.421875 0.645826
11.437500 0.643794
11.453125 0.641435
11.468750 0.638750
11.484375 0.635741
11.500000 0.632410
11.515625 0.628758
11.531250 0.624787
11.546875 0.620500
11.562500 0.615900
11.578125 0.610988
11.593750 0.605767
11.609375 0.600241
11.625000 0.594411
11.640625 0.588283
11.656250 0.581858
11.671875 0.575140
11.687500 0.568133
11.703125 0.560841
11.718750 0.553267
11.734375 0.545416
11.750000 0.537292
11.765625 0.528899
11.781250 0.520241
11.796875 0.511323
11.812500 0.502151
11.828125 0.492728
11.843750 0.483060
11.859375 0.473151
11.875000 0.463008
11.890625 0.452635
11.906250 0.442038
11.921875 0.431222
11.937500 0.420193
11.953125 0.408957
11.968750 0.397520
11.984375 0.385887
12.000000 0.374065
12.015625 0.362060
12.031250 0.349878
12.046875 0.337526
12.062500 0.325009
12.078125 0.312335
12.093750 0.299509
12.109375 0.286540
12.125000 0.273432
12.140625 0.260194
12.156250 0.246831
12.171875 0.233351
12.187500 0.219761
12.203125 0.206068
12.218750 0.192278
12.234375 0.178400
12.250000 0.164439
12.265625 0.150404
12.281250 0.136301
12.296875 0.122137
12.312500 0.107921
12.328125 0.093658
12.343750 0.079357
12.359375 0.065025
12.375000 0.050669
12.390625 0.036296
12.406250 0.021914
12.421875 0.007529
12.437500 0.006849
12.453125 0.021215
12.468750 0.035562
12.484375 0.049880
12.500000 0.064165
12.515625 0.078408
12.531250 0.092601
12.546875 0.106739
12.562500 0.120813
12.578125 0.134817
12.593750 0.148744
12.609375 0.162586
12.625000 0.176336
12.640625 0.189989
12.656250 0.203536
12.671875 0.216971
12.687500 0.230287
12.703125 0.243478
12.718750 0.256536
12.734375 0.269457
12.750000 0.282232
12.765625 0.294855
12.781250 0.307321
12.796875 0.319624
12.812500 0.331756
12.828125 0.343712
12.843750 0.355486
12.859375 0.367072
12.875000 0.378465
12.890625 0.389658
12.906250 0.400647
12.921875 0.411426
12.937500 0.421989
12.953125 0.432331
12.968750 0.442448
12.984375 0.452335
13.000000 0.461985
13.015625 0.471396
13.031250 0.480562
13.046875 0.489478
13.062500 0.498141
13.078125 0.506547
13.093750 0.514690
13.109375 0.522568
13.125000 0.530177
13.140625 0.537512
13.156250 0.544570
13.171875 0.551349
13.187500 0.557845
13.203125 0.564054
13.218750 0.569974
13.234375 0.575602
13.250000 0.580936
13.265625 0.585973
13.281250 0.590710
13.296875 0.595146
13.312500 0.599278
13.328125 0.603106
13.343750 0.606626
13.359375 0.609838
13.375000 0.612739
13.390625 0.615330
13.406250 0.617609
13.421875 0.619575
13.437500 0.621227
13.453125 0.622564
13.468750 0.623587
13.484375 0.624295
13.500000 0.624688
13.515625 0.624765
13.531250 0.624528
13.546875 0.623977
13.562500 0.623111
13.578125 0.621933
13.593750 0.620442
13.609375 0.618640
13.625000 0.616528
13.640625 0.614107
13.656250 0.611379
13.671875 0.608345
13.687500 0.605007
13.703125 0.601368
13.718750 0.597429
13.734375 0.593192
13.750000 0.588660
13.765625 0.583835
13.781250 0.578721
13.796875 0.573319
13.812500 0.567634
13.828125 0.561667
13.843750 0.555423
13.859375 0.548905
13.875000 0.542115
13.890625 0.535059
13.906250 0.527739
13.921875 0.520160
13.937500 0.512326
13.953125 0.504240
13.968750 0.495908
13.984375 0.487333
14.000000 0.478520
14.015625 0.469475
14.031250 0.460200
14.046875 0.450702
14.062500 0.440986
14.078125 0.431056
14.093750 0.420918
14.109375 0.410577
14.125000 0.400039
14.140625 0.389308
14.156250 0.378391
14.171875 0.367293
14.187500 0.356020
14.203125 0.344578
14.218750 0.332972
14.234375 0.321210
14.250000 0.309296
14.265625 0.297237
14.281250 0.285039
14.296875 0.272709
14.312500 0.260252
14.328125 0.247676
14.343750 0.234986
14.359375 0.222189
14.375000 0.209292
14.390625 0.196301
14.406250 0.183223
14.421875 0.170065
14.437500 0.156833
14.453125 0.143534
14.468750 0.130174
14.484375 0.116761
14.500000 0.103302
14.515625 0.089802
14.531250 0.076270
14.546875 0.062711
14.562500 0.049133
14.578125 0.035543
14.593750 0.021947
14.609375 0.008352
14.625000 0.005235
14.640625 0.018807
14.656250 0.032357
14.671875 0.045878
14.687500 0.059365
14.703125 0.072809
14.718750 0.086205
14.734375 0.099545
14.750000 0.112823
14.765625 0.126032
14.781250 0.139166
14.796875 0.152218
14.812500 0.165182
14.828125 0.178051
14.843750 0.190819
14.859375 0.203480
14.875000 0.216027
14.890625 0.228454
14.906250 0.240754
14.921875 0.252923
14.937500 0.264954
14.953125 0.276841
14.968750 0.288578
14.984375 0.300159
15.000000 0.311580
15.015625 0.322833
15.031250 0.333914
15.046875 0.344818
15.062500 0.355538
15.078125 0.366070
15.093750 0.376409
15.109375 0.386550
15.125000 0.396488
15.140625 0.406217
15.156250 0.415734
15.171875 0.425034
15.187500 0.434112
15.203125 0.442964
15.218750 0.451586
15.234375 0.459973
15.250000 0.468123
15.265625 0.476030
15.281250 0.483691
15.296875 0.491103
15.312500 0.498262
15.328125 0.505165
15.343750 0.511809
15.359375 0.518189
15.375000 0.524305
15.390625 0.530152
15.406250 0.535728
15.421875 0.541031
15.437500 0.546058
15.453125 0.550808
15.468750 0.555277
15.484375 0.559464
15.500000 0.563367
15.515625 0.566984
15.531250 0.570315
15.546875 0.573357
15.562500 0.576110
15.578125 0.578571
15.593750 0.580742
15.609375 0.582619
15.625000 0.584204
15.640625 0.585495
15.656250 0.586492
15.671875 0.587196
15.687500 0.587605
15.703125 0.587720
15.718750 0.587541
15.734375 0.587069
15.750000 0.586304
15.765625 0.585248
15.781250 0.583899
15.796875 0.582261
15.812500 0.580333
15.828125 0.578118
15.843750 0.575616
15.859375 0.572829
15.875000 0.569759
15.890625 0.566408
15.906250 0.562778
15.921875 0.558870
15.937500 0.554687
15.953125 0.550231
15.968750 0.545506
15.984375 0.540513
16.000000 0.535255
16.015625 0.529736
16.031250 0.523958
16.046875 0.517925
16.062500 0.511640
16.078125 0.505105
16.093750 0.498326
16.109375 0.491305
16.125000 0.484046
16.140625 0.476554
16.156250 0.468831
16.171875 0.460883
16.187500 0.452713
16.203125 0.444326
16.218750 0.435727
16.234375 0.426919
16.250000 0.417907
16.265625 0.408697
16.281250 0.399293
16.296875 0.389699
16.312500 0.379922
16.328125 0.369965
16.343750 0.359835
16.359375 0.349537
16.375000 0.339075
16.390625 0.328455
16.406250 0.317683
16.421875 0.306764
16.437500 0.295704
16.453125 0.284509
16.468750 0.273184
16.484375 0.261735
16.500000 0.250168
16.515625 0.238489
16.531250 0.226704
16.546875 0.214819
16.562500 0.202840
16.578125 0.190773
16.593750 0.178624
16.609375 0.166399
16.625000 0.154105
16.640625 0.141747
16.656250 0.129333
16.671875 0.116868
16.687500 0.104358
16.703125 0.091811
16.718750 0.079231
16.734375 0.066626
16.750000 0.054002
16.765625 0.041365
16.781250 0.028722
16.796875 0.016078
16.812500 0.003440
16.828125 0.009185
16.843750 0.021792
16.859375 0.034373
16.875000 0.046923
16.890625 0.059436
16.906250 0.071905
16.921875 0.084324
16.937500 0.096687
16.953125 0.108989
16.968750 0.121222
16.984375 0.133380
17.000000 0.145459
17.015625 0.157451
17.031250 0.169352
17.046875 0.181154
17.062500 0.192853
17.078125 0.204443
17.093750 0.215917
17.109375 0.227271
17.125000 0.238499
17.140625 0.249595
17.156250 0.260555
17.171875 0.271372
17.187500 0.282042
17.203125 0.292559
17.218750 0.302918
17.234375 0.313115
17.250000 0.323144
17.265625 0.333001
17.281250 0.342680
17.296875 0.352178
17.312500 0.361490
17.328125 0.370611
17.343750 0.379537
17.359375 0.388264
17.375000 0.396787
17.390625 0.405104
17.406250 0.413209
17.421875 0.421099
17.437500 0.428770
17.453125 0.436220
17.468750 0.443443
17.484375 0.450438
17.500000 0.457200
17.515625 0.463727
17.531250 0.470016
17.546875 0.476064
17.562500 0.481867
17.578125 0.487425
17.593750 0.492733
17.609375 0.497790
17.625000 0.502594
17.640625 0.507142
17.656250 0.511433
17.671875 0.515465
17.687500 0.519235
17.703125 0.522743
17.718750 0.525987
17.734375 0.528965
17.750000 0.531677
17.765625 0.534122
17.781250 0.536298
17.796875 0.538205
17.812500 0.539843
17.828125 0.541210
17.843750 0.542307
17.859375 0.543132
17.875000 0.543687
17.890625 0.543972
17.906250 0.543985
17.921875 0.543729
17.937500 0.543202
17.953125 0.542407
17.968750 0.541343
17.984375 0.540011
18.000000 0.538413
18.015625 0.536549
18.031250 0.534421
18.046875 0.532030
18.062500 0.529378
18.078125 0.526466
18.093750 0.523296
18.109375 0.519871
18.125000 0.516191
18.140625 0.512260
18.156250 0.508079
18.171875 0.503651
18.187500 0.498978
18.203125 0.494064
18.218750 0.488910
18.234375 0.483520
18.250000 0.477896
18.265625 0.472042
18.281250 0.465961
18.296875 0.459657
18.312500 0.453132
18.328125 0.446390
18.343750 0.439435
18.359375 0.432270
18.375000 0.424900
18.390625 0.417329
18.406250 0.409559
18.421875 0.401596
18.437500 0.393444
18.453125 0.385107
18.468750 0.376589
18.484375 0.367895
18.500000 0.359029
18.515625 0.349996
18.531250 0.340801
18.546875 0.331449
18.562500 0.321944
18.578125 0.312291
18.593750 0.302495
18.609375 0.292562
18.625000 0.282496
18.640625 0.272303
18.656250 0.261987
18.671875 0.251555
18.687500 0.241011
18.703125 0.230362
18.718750 0.219611
18.734375 0.208765
18.750000 0.197830
18.765625 0.186810
18.781250 0.175712
18.796875 0.164541
18.812500 0.153302
18.828125 0.142002
18.843750 0.130646
18.859375 0.119240
18.875000 0.107789
18.890625 0.096300
18.906250 0.084778
18.921875 0.073228
18.937500 0.061657
18.953125 0.050071
18.968750 0.038474
18.984375 0.026874
19.000000 0.015275
19.015625 0.003684
19.031250 0.007894
19.046875 0.019454
19.062500 0.030988
19.078125 0.042492
19.093750 0.053961
19.109375 0.065387
19.125000 0.076766
19.140625 0.088093
19.156250 0.099360
19.171875 0.110564
19.187500 0.121699
19.203125 0.132758
19.218750 0.143737
19.234375 0.154631
19.250000 0.165434
19.265625 0.176140
19.281250 0.186746
19.296875 0.197244
19.312500 0.207632
19.328125 0.217902
19.343750 0.228051
19.359375 0.238074
19.375000 0.247965
19.390625 0.257721
19.406250 0.267336
19.421875 0.276806
19.437500 0.286126
19.453125 0.295292
19.468750 0.304300
19.484375 0.313145
19.500000 0.321823
19.515625 0.330330
19.531250 0.338662
19.546875 0.346816
19.562500 0.354786
19.578125 0.362571
19.593750 0.370165
19.609375 0.377566
19.625000 0.384770
19.640625 0.391774
19.656250 0.398574
19.671875 0.405168
19.687500 0.411553
19.703125 0.417725
19.718750 0.423682
19.734375 0.429421
19.750000 0.434940
19.765625 0.440236
19.781250 0.445307
19.796875 0.450151
19.812500 0.454765
19.828125 0.459148
19.843750 0.463297
19.859375 0.467212
19.875000 0.470890
19.890625 0.474330
19.906250 0.477531
19.921875 0.480491
19.937500 0.483209
19.953125 0.485684
19.968750 0.487915
19.984375 0.489902
20.000000 0.491644
20.015625 0.493140
20.031250 0.494390
20.046875 0.495393
20.062500 0.496150
20.078125 0.496661
20.093750 0.496925
20.109375 0.496943
20.125000 0.496714
20.140625 0.496241
20.156250 0.495522
20.171875 0.494559
20.187500 0.493353
20.203125 0.491905
20.218750 0.490215
20.234375 0.488285
20.250000 0.486116
20.265625 0.483709
20.281250 0.481067
20.296875 0.478190
20.312500 0.475081
20.328125 0.471741
20.343750 0.468172
20.359375 0.464377
20.375000 0.460357
20.390625 0.456115
20.406250 0.451654
20.421875 0.446975
20.437500 0.442082
20.453125 0.436976
20.468750 0.431662
20.484375 0.426142
20.500000 0.420419
20.515625 0.414496
20.531250 0.408376
20.546875 0.402063
20.562500 0.395560
20.578125 0.388870
20.593750 0.381997
20.609375 0.374946
20.625000 0.367718
20.640625 0.360320
20.656250 0.352753
20.671875 0.345023
20.687500 0.337132
20.703125 0.329087
20.718750 0.320890
20.734375 0.312546
20.750000 0.304059
20.765625 0.295434
20.781250 0.286675
20.796875 0.277787
20.812500 0.268774
20.828125 0.259641
20.843750 0.250393
20.859375 0.241034
20.875000 0.231569
20.890625 0.222003
20.906250 0.212341
20.921875 0.202588
20.937500 0.192748
20.953125 0.182828
20.968750 0.172831
20.984375 0.162763
21.000000 0.152629
21.015625 0.142434
21.031250 0.132183
21.046875 0.121882
21.062500 0.111535
21.078125 0.101148
21.093750 0.090726
21.109375 0.080274
21.125000 0.069797
21.140625 0.059301
21.156250 0.048791
21.171875 0.038271
21.187500 0.027748
21.203125 0.017227
21.218750 0.006712
21.234375 0.003791
21.250000 0.014277
21.265625 0.024741
21.281250 0.035178
21.296875 0.045582
21.312500 0.055948
21.328125 0.066272
21.343750 0.076548
21.359375 0.086771
21.375000 0.096937
21.390625 0.107040
21.406250 0.117075
21.421875 0.127038
21.437500 0.136924
21.453125 0.146728
21.468750 0.156445
21.484375 0.166070
21.500000 0.175600
21.515625 0.185028
21.531250 0.194352
21.546875 0.203566
21.562500 0.212666
21.578125 0.221648
21.593750 0.230507
21.609375 0.239239
21.625000 0.247841
21.640625 0.256307
21.656250 0.264634
21.671875 0.272819
21.687500 0.280856
21.703125 0.288743
21.718750 0.296476
21.734375 0.304052
21.750000 0.311466
21.765625 0.318715
21.781250 0.325796
21.796875 0.332706
21.812500 0.339441
21.828125 0.345999
21.843750 0.352377
21.859375 0.358571
21.875000 0.364578
21.890625 0.370397
21.906250 0.376025
21.921875 0.381458
21.937500 0.386695
21.953125 0.391734
21.968750 0.396571
21.984375 0.401206
22.000000 0.405636
22.015625 0.409859
22.031250 0.413873
22.046875 0.417677
22.062500 0.421269
22.078125 0.424648
22.093750 0.427813
22.109375 0.430761
22.125000 0.433493
22.140625 0.436006
22.156250 0.438301
22.171875 0.440376
22.187500 0.442230
22.203125 0.443864
22.218750 0.445276
22.234375 0.446466
22.250000 0.447434
22.265625 0.448179
22.281250 0.448703
22.296875 0.449004
22.312500 0.449084
22.328125 0.448941
22.343750 0.448578
22.359375 0.447993
22.375000 0.447189
22.390625 0.446165
22.406250 0.444922
22.421875 0.443462
22.437500 0.441785
22.453125 0.439893
22.468750 0.437787
22.484375 0.435468
22.500000 0.432937
22.515625 0.430197
22.531250 0.427249
22.546875 0.424095
22.562500 0.420736
22.578125 0.417175
22.593750 0.413413
22.609375 0.409454
22.625000 0.405298
22.640625 0.400949
22.656250 0.396408
22.671875 0.391679
22.687500 0.386764
22.703125 0.381666
22.718750 0.376388
22.734375 0.370932
22.750000 0.365301
22.765625 0.359499
22.781250 0.353528
22.796875 0.347392
22.812500 0.341094
22.828125 0.334638
22.843750 0.328027
22.859375 0.321264
22.875000 0.314353
22.890625 0.307297
22.906250 0.300101
22.921875 0.292768
22.937500 0.285302
22.953125 0.277707
22.968750 0.269986
22.984375 0.262145
23.000000 0.254186
23.015625 0.246114
23.031250 0.237934
23.046875 0.229648
23.062500 0.221263
23.078125 0.212781
23.093750 0.204207
23.109375 0.195546
23.125000 0.186802
23.140625 0.177980
23.156250 0.169083
23.171875 0.160117
23.187500 0.151086
23.203125 0.141994
23.218750 0.132847
23.234375 0.123648
23.250000 0.114403
23.265625 0.105116
23.281250 0.095791
23.296875 0.086434
23.312500 0.077048
23.328125 0.067640
23.343750 0.058213
23.359375 0.048771
23.375000 0.039321
23.390625 0.029866
23.406250 0.020411
23.421875 0.010960
23.437500 0.001519
23.453125 0.007908
23.468750 0.017316
23.484375 0.026701
23.500000 0.036058
23.515625 0.045382
23.531250 0.054670
23.546875 0.063916
23.562500 0.073116
23.578125 0.082265
23.593750 0.091360
23.609375 0.100395
23.625000 0.109367
23.640625 0.118270
23.656250 0.127101
23.671875 0.135856
23.687500 0.144530
23.703125 0.153119
23.718750 0.161618
23.734375 0.170025
23.750000 0.178335
23.765625 0.186544
23.781250 0.194648
23.796875 0.202643
23.812500 0.210526
23.828125 0.218292
23.843750 0.225939
23.859375 0.233462
23.875000 0.240858
23.890625 0.248124
23.906250 0.255256
23.921875 0.262251
23.937500 0.269105
23.953125 0.275816
23.968750 0.282381
23.984375 0.288796
24.000000 0.295058
24.015625 0.301166
24.031250 0.307115
24.046875 0.312903
24.062500 0.318528
24.078125 0.323987
24.093750 0.329278
24.109375 0.334398
24.125000 0.339346
24.140625 0.344118
24.156250 0.348713
24.171875 0.353129
24.187500 0.357364
24.203125 0.361416
24.218750 0.365284
24.234375 0.368966
24.250000 0.372460
24.265625 0.375765
24.281250 0.378880
24.296875 0.381803
24.312500 0.384533
24.328125 0.387070
24.343750 0.389412
24.359375 0.391558
24.375000 0.393508
24.390625 0.395261
24.406250 0.396817
24.421875 0.398175
24.437500 0.399335
24.453125 0.400296
24.468750 0.401058
24.484375 0.401622
24.500000 0.401987
24.515625 0.402154
24.531250 0.402122
24.546875 0.401893
24.562500 0.401466
24.578125 0.400842
24.593750 0.400021
24.609375 0.399005
24.625000 0.397795
24.640625 0.396390
24.656250 0.394793
24.671875 0.393004
24.687500 0.391024
24.703125 0.388855
24.718750 0.386498
24.734375 0.383955
24.750000 0.381226
24.765625 0.378315
24.781250 0.375222
24.796875 0.371950
24.812500 0.368499
24.828125 0.364873
24.843750 0.361074
24.859375 0.357103
24.875000 0.352962
24.890625 0.348655
24.906250 0.344183
24.921875 0.339549
24.937500 0.334755
24.953125 0.329805
24.968750 0.324700
24.984375 0.319444
25.000000 0.314040
25.015625 0.308489
25.031250 0.302796
25.046875 0.296963
25.062500 0.290994
25.078125 0.284892
25.093750 0.278659
25.109375 0.272299
25.125000 0.265816
25.140625 0.259213
25.156250 0.252493
25.171875 0.245660
25.187500 0.238717
25.203125 0.231668
25.218750 0.224517
25.234375 0.217267
25.250000 0.209922
25.265625 0.202486
25.281250 0.194963
25.296875 0.187357
25.312500 0.179670
25.328125 0.171908
25.343750 0.164075
25.359375 0.156173
25.375000 0.148208
25.390625 0.140183
25.406250 0.132103
25.421875 0.123971
25.437500 0.115791
25.453125 0.107568
25.468750 0.099306
25.484375 0.091009
25.500000 0.082680
25.515625 0.074325
25.531250 0.065947
25.546875 0.057551
25.562500 0.049141
25.578125 0.040720
25.593750 0.032293
25.609375 0.023865
25.625000 0.015438
25.640625 0.007019
25.656250 0.001391
25.671875 0.009785
25.687500 0.018161
25.703125 0.026513
25.718750 0.034839
25.734375 0.043133
25.750000 0.051393
25.765625 0.059613
25.781250 0.067790
25.796875 0.075920
25.812500 0.084000
25.828125 0.092024
25.843750 0.099989
25.859375 0.107892
25.875000 0.115729
25.890625 0.123496
25.906250 0.131189
25.921875 0.138804
25.937500 0.146338
25.953125 0.153788
25.968750 0.161149
25.984375 0.168419
26.000000 0.175594
26.015625 0.182670
26.031250 0.189645
26.046875 0.196514
26.062500 0.203275
26.078125 0.209925
26.093750 0.216461
26.109375 0.222879
26.125000 0.229176
26.140625 0.235350
26.156250 0.241398
26.171875 0.247317
26.187500 0.253105
26.203125 0.258758
26.218750 0.264274
26.234375 0.269651
26.250000 0.274887
26.265625 0.279978
26.281250 0.284923
26.296875 0.289719
26.312500 0.294365
26.328125 0.298859
26.343750 0.303197
26.359375 0.307380
26.375000 0.311404
26.390625 0.315268
26.406250 0.318970
26.421875 0.322510
26.437500 0.325884
26.453125 0.329093
26.468750 0.332135
26.484375 0.335008
26.500000 0.337711
26.515625 0.340244
26.531250 0.342606
26.546875 0.344795
26.562500 0.346810
26.578125 0.348652
26.593750 0.350319
26.609375 0.351811
26.625000 0.353128
26.640625 0.354268
26.656250 0.355233
26.671875 0.356021
26.687500 0.356633
26.703125 0.357069
26.718750 0.357328
26.734375 0.357412
26.750000 0.357319
26.765625 0.357051
26.781250 0.356608
26.796875 0.355991
26.812500 0.355199
26.828125 0.354234
26.843750 0.353097
26.859375 0.351789
26.875000 0.350309
26.890625 0.348660
26.906250 0.346843
26.921875 0.344858
26.937500 0.342707
26.953125 0.340391
26.968750 0.337912
26.984375 0.335272
27.000000 0.332471
27.015625 0.329511
27.031250 0.326395
27.046875 0.323123
27.062500 0.319699
27.078125 0.316123
27.093750 0.312398
27.109375 0.308526
27.125000 0.304510
27.140625 0.300350
27.156250 0.296050
27.171875 0.291612
27.187500 0.287039
27.203125 0.282332
27.218750 0.277495
27.234375 0.272530
27.250000 0.267439
27.265625 0.262226
27.281250 0.256893
27.296875 0.251443
27.312500 0.245879
27.328125 0.240204
27.343750 0.234421
27.359375 0.228533
27.375000 0.222542
27.390625 0.216453
27.406250 0.210268
27.421875 0.203990
27.437500 0.197624
27.453125 0.191171
27.468750 0.184635
27.484375 0.178020
27.500000 0.171330
27.515625 0.164566
27.531250 0.157734
27.546875 0.150836
27.562500 0.143876
27.578125 0.136858
27.593750 0.129785
27.609375 0.122660
27.625000 0.115487
27.640625 0.108271
27.656250 0.101013
27.671875 0.093719
27.687500 0.086392
27.703125 0.079035
27.718750 0.071652
27.734375 0.064246
27.750000 0.056823
27.765625 0.049384
27.781250 0.041934
27.796875 0.034477
27.812500 0.027015
27.828125 0.019554
27.843750 0.012096
27.859375 0.004646
27.875000 0.002794
27.890625 0.010220
27.906250 0.017627
27.921875 0.025013
27.937500 0.032373
27.953125 0.039704
27.968750 0.047003
27.984375 0.054266
28.000000 0.061490
28.015625 0.068671
28.031250 0.075805
28.046875 0.082889
28.062500 0.089920
28.078125 0.096895
28.093750 0.103810
28.109375 0.110661
28.125000 0.117446
28.140625 0.124161
28.156250 0.130804
28.171875 0.137370
28.187500 0.143858
28.203125 0.150263
28.218750 0.156583
28.234375 0.162815
28.250000 0.168956
28.265625 0.175003
28.281250 0.180954
28.296875 0.186805
28.312500 0.192553
28.328125 0.198198
28.343750 0.203734
28.359375 0.209161
28.375000 0.214476
28.390625 0.219675
28.406250 0.224758
28.421875 0.229721
28.437500 0.234563
28.453125 0.239281
28.468750 0.243873
28.484375 0.248337
28.500000 0.252671
28.515625 0.256873
28.531250 0.260942
28.546875 0.264875
28.562500 0.268671
28.578125 0.272328
28.593750 0.275846
28.609375 0.279221
28.625000 0.282454
28.640625 0.285542
28.656250 0.288484
28.671875 0.291279
28.687500 0.293926
28.703125 0.296425
28.718750 0.298773
28.734375 0.300970
28.750000 0.303016
28.765625 0.304909
28.781250 0.306649
28.796875 0.308236
28.812500 0.309668
28.828125 0.310946
28.843750 0.312068
28.859375 0.313036
28.875000 0.313848
28.890625 0.314504
28.906250 0.315005
28.921875 0.315351
28.937500 0.315541
28.953125 0.315576
28.968750 0.315455
28.984375 0.315181
29.000000 0.314751
29.015625 0.314169
29.031250 0.313433
29.046875 0.312544
29.062500 0.311504
29.078125 0.310312
29.093750 0.308971
29.109375 0.307480
29.125000 0.305841
29.140625 0.304055
29.156250 0.302122
29.171875 0.300045
29.187500 0.297825
29.203125 0.295462
29.218750 0.292958
29.234375 0.290315
29.250000 0.287535
29.265625 0.284618
29.281250 0.281567
29.296875 0.278383
29.312500 0.275069
29.328125 0.271625
29.343750 0.268054
29.359375 0.264358
29.375000 0.260540
29.390625 0.256600
29.406250 0.252541
29.421875 0.248366
29.437500 0.244076
29.453125 0.239675
29.468750 0.235164
29.484375 0.230545
29.500000 0.225822
29.515625 0.220997
29.531250 0.216072
29.546875 0.211049
29.562500 0.205933
29.578125 0.200724
29.593750 0.195427
29.609375 0.190043
29.625000 0.184576
29.640625 0.179028
29.656250 0.173403
29.671875 0.167703
29.687500 0.161930
29.703125 0.156089
29.718750 0.150182
29.734375 0.144212
29.750000 0.138182
29.765625 0.132095
29.781250 0.125955
29.796875 0.119764
29.812500 0.113525
29.828125 0.107242
29.843750 0.100918
29.859375 0.094556
29.875000 0.088160
29.890625 0.081731
29.906250 0.075275
29.921875 0.068793
29.937500 0.062289
29.953125 0.055767
29.968750 0.049229
29.984375 0.042680
30.000000 0.036121
