0.000000 0.000000
0.007812 0.008416
0.015625 0.016817
0.023438 0.025202
0.031250 0.033570
0.039062 0.041919
0.046875 0.050248
0.054688 0.058556
0.062500 0.066842
0.070312 0.075106
0.078125 0.083345
0.085938 0.091559
0.093750 0.099746
0.101562 0.107906
0.109375 0.116037
0.117188 0.124139
0.125000 0.132209
0.132812 0.140248
0.140625 0.148254
0.148438 0.156226
0.156250 0.164163
0.164062 0.172064
0.171875 0.179928
0.179688 0.187753
0.187500 0.195540
0.195312 0.203286
0.203125 0.210990
0.210938 0.218653
0.218750 0.226272
0.226562 0.233847
0.234375 0.241377
0.242188 0.248860
0.250000 0.256296
0.257812 0.263684
0.265625 0.271023
0.273438 0.278312
0.281250 0.285550
0.289062 0.292736
0.296875 0.299869
0.304688 0.306949
0.312500 0.313973
0.320312 0.320942
0.328125 0.327855
0.335938 0.334710
0.343750 0.341507
0.351562 0.348245
0.359375 0.354923
0.367188 0.361541
0.375000 0.368097
0.382812 0.374590
0.390625 0.381020
0.398438 0.387387
0.406250 0.393688
0.414062 0.399924
0.421875 0.406094
0.429688 0.412196
0.437500 0.418231
0.445312 0.424197
0.453125 0.430094
0.460938 0.435921
0.468750 0.441677
0.476562 0.447362
0.484375 0.452974
0.492188 0.458514
0.500000 0.463981
0.507812 0.469373
0.515625 0.474691
0.523438 0.479933
0.531250 0.485100
0.539062 0.490190
0.546875 0.495203
0.554688 0.500138
0.562500 0.504995
0.570312 0.509772
0.578125 0.514471
0.585938 0.519090
0.593750 0.523628
0.601562 0.528085
0.609375 0.532461
0.617188 0.536755
0.625000 0.540966
0.632812 0.545095
0.640625 0.549140
0.648438 0.553102
0.656250 0.556979
0.664062 0.560772
0.671875 0.564480
0.679688 0.568102
0.687500 0.571639
0.695312 0.575090
0.703125 0.578454
0.710938 0.581731
0.718750 0.584921
0.726562 0.588024
0.734375 0.591039
0.742188 0.593966
0.750000 0.596805
0.757812 0.599555
0.765625 0.602217
0.773438 0.604789
0.781250 0.607272
0.789062 0.609666
0.796875 0.611970
0.804688 0.614184
0.812500 0.616308
0.820312 0.618342
0.828125 0.620286
0.835938 0.622139
0.843750 0.623901
0.851562 0.625573
0.859375 0.627154
0.867188 0.628644
0.875000 0.630043
0.882812 0.631351
0.890625 0.632569
0.898438 0.633695
0.906250 0.634730
0.914062 0.635673
0.921875 0.636526
0.929688 0.637288
0.937500 0.637958
0.945312 0.638538
0.953125 0.639026
0.960938 0.639424
0.968750 0.639731
0.976562 0.639947
0.984375 0.640073
0.992188 0.640108
1.000000 0.640052
1.007812 0.639907
1.015625 0.639671
1.023438 0.639346
1.031250 0.638931
1.039062 0.638426
1.046875 0.637832
1.054688 0.637148
1.062500 0.636376
1.070312 0.635516
1.078125 0.634567
1.085938 0.633529
1.093750 0.632404
1.101562 0.631192
1.109375 0.629892
1.117188 0.628505
1.125000 0.627031
1.132812 0.625471
1.140625 0.623826
1.148438 0.622094
1.156250 0.620278
1.164062 0.618376
1.171875 0.616390
1.179688 0.614320
1.187500 0.612166
1.195312 0.609930
1.203125 0.607610
1.210938 0.605208
1.218750 0.602724
1.226562 0.600159
1.234375 0.597512
1.242188 0.594786
1.250000 0.591979
1.257812 0.589093
1.265625 0.586128
1.273438 0.583084
1.281250 0.579963
1.289062 0.576764
1.296875 0.573489
1.304688 0.570137
1.312500 0.566710
1.320312 0.563207
1.328125 0.559631
1.335938 0.555980
1.343750 0.552256
1.351562 0.548460
1.359375 0.544592
1.367188 0.540652
1.375000 0.536642
1.382812 0.532562
1.390625 0.528412
1.398438 0.524194
1.406250 0.519908
1.414062 0.515554
1.421875 0.511134
1.429688 0.506649
1.437500 0.502098
1.445312 0.497482
1.453125 0.492803
1.460938 0.488061
1.468750 0.483257
1.476562 0.478392
1.484375 0.473466
1.492188 0.468480
1.500000 0.463435
1.507812 0.458332
1.515625 0.453171
1.523438 0.447953
1.531250 0.442680
1.539062 0.437351
1.546875 0.431969
1.554688 0.426532
1.562500 0.421044
1.570312 0.415503
1.578125 0.409912
1.585938 0.404270
1.593750 0.398580
1.601562 0.392841
1.609375 0.387054
1.617188 0.381221
1.625000 0.375342
1.632812 0.369419
1.640625 0.363451
1.648438 0.357441
1.656250 0.351388
1.664062 0.345294
1.671875 0.339160
1.679688 0.332986
1.687500 0.326774
1.695312 0.320524
1.703125 0.314238
1.710938 0.307916
1.718750 0.301559
1.726562 0.295168
1.734375 0.288744
1.742188 0.282288
1.750000 0.275802
1.757812 0.269285
1.765625 0.262739
1.773438 0.256165
1.781250 0.249563
1.789062 0.242936
1.796875 0.236283
1.804688 0.229605
1.812500 0.222904
1.820312 0.216181
1.828125 0.209437
1.835938 0.202672
1.843750 0.195887
1.851562 0.189084
1.859375 0.182263
1.867188 0.175426
1.875000 0.168573
1.882812 0.161705
1.890625 0.154824
1.898438 0.147930
1.906250 0.141025
1.914062 0.134109
1.921875 0.127183
1.929688 0.120248
1.937500 0.113305
1.945312 0.106356
1.953125 0.099401
1.960938 0.092441
1.968750 0.085477
1.976562 0.078510
1.984375 0.071541
1.992188 0.064572
2.000000 0.057602
2.007812 0.050633
2.015625 0.043667
2.023438 0.036703
2.031250 0.029743
2.039062 0.022788
2.046875 0.015839
2.054688 0.008897
2.062500 0.001962
2.070312 0.004964
2.078125 0.011880
2.085938 0.018786
2.093750 0.025680
2.101562 0.032561
2.109375 0.039429
2.117188 0.046283
2.125000 0.053121
2.132812 0.059943
2.140625 0.066748
2.148438 0.073535
2.156250 0.080303
2.164062 0.087050
2.171875 0.093777
2.179688 0.100483
2.187500 0.107165
2.195312 0.113824
2.203125 0.120458
2.210938 0.127067
2.218750 0.133650
2.226562 0.140206
2.234375 0.146733
2.242188 0.153232
2.250000 0.159701
2.257812 0.166139
2.265625 0.172546
2.273438 0.178921
2.281250 0.185262
2.289062 0.191569
2.296875 0.197842
2.304688 0.204079
2.312500 0.210279
2.320312 0.216442
2.328125 0.222567
2.335938 0.228653
2.343750 0.234699
2.351562 0.240704
2.359375 0.246669
2.367188 0.252591
2.375000 0.258470
2.382812 0.264306
2.390625 0.270098
2.398438 0.275844
2.406250 0.281544
2.414062 0.287198
2.421875 0.292805
2.429688 0.298363
2.437500 0.303873
2.445312 0.309333
2.453125 0.314743
2.460938 0.320102
2.468750 0.325410
2.476562 0.330666
2.484375 0.335868
2.492188 0.341017
2.500000 0.346112
2.507812 0.351152
2.515625 0.356137
2.523438 0.361066
2.531250 0.365938
2.539062 0.370752
2.546875 0.375509
2.554688 0.380207
2.562500 0.384847
2.570312 0.389426
2.578125 0.393946
2.585938 0.398404
2.593750 0.402802
2.601562 0.407137
2.609375 0.411410
2.617188 0.415621
2.625000 0.419768
2.632812 0.423851
2.640625 0.427869
2.648438 0.431823
2.656250 0.435712
2.664062 0.439535
2.671875 0.443291
2.679688 0.446981
2.687500 0.450604
2.695312 0.454160
2.703125 0.457647
2.710938 0.461066
2.718750 0.464417
2.726562 0.467698
2.734375 0.470910
2.742188 0.474052
2.750000 0.477124
2.757812 0.480125
2.765625 0.483056
2.773438 0.485915
2.781250 0.488703
2.789062 0.491419
2.796875 0.494064
2.804688 0.496635
2.812500 0.499134
2.820312 0.501561
2.828125 0.503914
2.835938 0.506194
2.843750 0.508400
2.851562 0.510532
2.859375 0.512591
2.867188 0.514575
2.875000 0.516485
2.882812 0.518320
2.890625 0.520081
2.898438 0.521767
2.906250 0.523377
2.914062 0.524913
2.921875 0.526373
2.929688 0.527758
2.937500 0.529067
2.945312 0.530301
2.953125 0.531459
2.960938 0.532542
2.968750 0.533548
2.976562 0.534479
2.984375 0.535334
2.992188 0.536113
3.000000 0.536816
3.007812 0.537443
3.015625 0.537995
3.023438 0.538470
3.031250 0.538869
3.039062 0.539193
3.046875 0.539441
3.054688 0.539613
3.062500 0.539709
3.070312 0.539730
3.078125 0.539675
3.085938 0.539545
3.093750 0.539339
3.101562 0.539059
3.109375 0.538703
3.117188 0.538272
3.125000 0.537767
3.132812 0.537187
3.140625 0.536532
3.148438 0.535803
3.156250 0.535000
3.164062 0.534123
3.171875 0.533173
3.179688 0.532149
3.187500 0.531052
3.195312 0.529882
3.203125 0.528639
3.210938 0.527323
3.218750 0.525935
3.226562 0.524476
3.234375 0.522945
3.242188 0.521342
3.250000 0.519668
3.257812 0.517924
3.265625 0.516109
3.273438 0.514224
3.281250 0.512269
3.289062 0.510245
3.296875 0.508152
3.304688 0.505990
3.312500 0.503760
3.320312 0.501462
3.328125 0.499097
3.335938 0.496664
3.343750 0.494165
3.351562 0.491599
3.359375 0.488968
3.367188 0.486271
3.375000 0.483510
3.382812 0.480684
3.390625 0.477793
3.398438 0.474840
3.406250 0.471823
3.414062 0.468744
3.421875 0.465602
3.429688 0.462399
3.437500 0.459135
3.445312 0.455811
3.453125 0.452426
3.460938 0.448982
3.468750 0.445479
3.476562 0.441918
3.484375 0.438299
3.492188 0.434622
3.500000 0.430889
3.507812 0.427100
3.515625 0.423256
3.523438 0.419356
3.531250 0.415402
3.539062 0.411395
3.546875 0.407334
3.554688 0.403221
3.562500 0.399056
3.570312 0.394840
3.578125 0.390573
3.585938 0.386257
3.593750 0.381891
3.601562 0.377477
3.609375 0.373014
3.617188 0.368505
3.625000 0.363948
3.632812 0.359346
3.640625 0.354699
3.648438 0.350007
3.656250 0.345272
3.664062 0.340493
3.671875 0.335672
3.679688 0.330809
3.687500 0.325905
3.695312 0.320961
3.703125 0.315977
3.710938 0.310954
3.718750 0.305894
3.726562 0.300796
3.734375 0.295662
3.742188 0.290491
3.750000 0.285286
3.757812 0.280046
3.765625 0.274773
3.773438 0.269467
3.781250 0.264129
3.789062 0.258760
3.796875 0.253360
3.804688 0.247931
3.812500 0.242473
3.820312 0.236986
3.828125 0.231473
3.835938 0.225932
3.843750 0.220366
3.851562 0.214775
3.859375 0.209160
3.867188 0.203522
3.875000 0.197861
3.882812 0.192178
3.890625 0.186474
3.898438 0.180750
3.906250 0.175007
3.914062 0.169245
3.921875 0.163466
3.929688 0.157670
3.937500 0.151858
3.945312 0.146030
3.953125 0.140188
3.960938 0.134333
3.968750 0.128465
3.976562 0.122585
3.984375 0.116693
3.992188 0.110792
4.000000 0.104881
4.007812 0.098961
4.015625 0.093034
4.023438 0.087099
4.031250 0.081158
4.039062 0.075213
4.046875 0.069262
4.054688 0.063308
4.062500 0.057351
4.070312 0.051392
4.078125 0.045432
4.085938 0.039471
4.093750 0.033511
4.101562 0.027552
4.109375 0.021595
4.117188 0.015641
4.125000 0.009690
4.132812 0.003745
4.140625 0.002196
4.148438 0.008130
4.156250 0.014057
4.164062 0.019977
4.171875 0.025888
4.179688 0.031790
4.187500 0.037681
4.195312 0.043561
4.203125 0.049430
4.210938 0.055286
4.218750 0.061129
4.226562 0.066957
4.234375 0.072771
4.242188 0.078569
4.250000 0.084350
4.257812 0.090114
4.265625 0.095860
4.273438 0.101587
4.281250 0.107294
4.289062 0.112981
4.296875 0.118647
4.304688 0.124291
4.312500 0.129912
4.320312 0.135510
4.328125 0.141084
4.335938 0.146633
4.343750 0.152156
4.351562 0.157653
4.359375 0.163123
4.367188 0.168565
4.375000 0.173978
4.382812 0.179362
4.390625 0.184717
4.398438 0.190040
4.406250 0.195332
4.414062 0.200592
4.421875 0.205820
4.429688 0.211014
4.437500 0.216173
4.445312 0.221298
4.453125 0.226388
4.460938 0.231441
4.468750 0.236458
4.476562 0.241437
4.484375 0.246378
4.492188 0.251280
4.500000 0.256143
4.507812 0.260966
4.515625 0.265748
4.523438 0.270489
4.531250 0.275189
4.539062 0.279846
4.546875 0.284459
4.554688 0.289030
4.562500 0.293555
4.570312 0.298037
4.578125 0.302472
4.585938 0.306862
4.593750 0.311206
4.601562 0.315502
4.609375 0.319751
4.617188 0.323951
4.625000 0.328103
4.632812 0.332206
4.640625 0.336259
4.648438 0.340262
4.656250 0.344215
4.664062 0.348116
4.671875 0.351965
4.679688 0.355763
4.687500 0.359508
4.695312 0.363199
4.703125 0.366837
4.710938 0.370422
4.718750 0.373951
4.726562 0.377426
4.734375 0.380846
4.742188 0.384210
4.750000 0.387518
4.757812 0.390770
4.765625 0.393964
4.773438 0.397102
4.781250 0.400182
4.789062 0.403203
4.796875 0.406167
4.804688 0.409071
4.812500 0.411917
4.820312 0.414704
4.828125 0.417430
4.835938 0.420097
4.843750 0.422703
4.851562 0.425249
4.859375 0.427734
4.867188 0.430157
4.875000 0.432520
4.882812 0.434820
4.890625 0.437059
4.898438 0.439235
4.906250 0.441349
4.914062 0.443400
4.921875 0.445388
4.929688 0.447313
4.937500 0.449175
4.945312 0.450974
4.953125 0.452708
4.960938 0.454379
4.968750 0.455986
4.976562 0.457528
4.984375 0.459006
4.992188 0.460420
5.000000 0.461769
5.007812 0.463053
5.015625 0.464273
5.023438 0.465427
5.031250 0.466517
5.039062 0.467541
5.046875 0.468500
5.054688 0.469394
5.062500 0.470222
5.070312 0.470986
5.078125 0.471683
5.085938 0.472315
5.093750 0.472882
5.101562 0.473383
5.109375 0.473819
5.117188 0.474189
5.125000 0.474494
5.132812 0.474733
5.140625 0.474906
5.148438 0.475015
5.156250 0.475058
5.164062 0.475035
5.171875 0.474947
5.179688 0.474795
5.187500 0.474577
5.195312 0.474294
5.203125 0.473946
5.210938 0.473533
5.218750 0.473056
5.226562 0.472514
5.234375 0.471908
5.242188 0.471238
5.250000 0.470503
5.257812 0.469705
5.265625 0.468842
5.273438 0.467916
5.281250 0.466927
5.289062 0.465874
5.296875 0.464759
5.304688 0.463580
5.312500 0.462339
5.320312 0.461036
5.328125 0.459670
5.335938 0.458243
5.343750 0.456754
5.351562 0.455204
5.359375 0.453592
5.367188 0.451920
5.375000 0.450187
5.382812 0.448394
5.390625 0.446541
5.398438 0.444628
5.406250 0.442656
5.414062 0.440625
5.421875 0.438535
5.429688 0.436387
5.437500 0.434181
5.445312 0.431918
5.453125 0.429597
5.460938 0.427219
5.468750 0.424785
5.476562 0.422294
5.484375 0.419748
5.492188 0.417147
5.500000 0.414490
5.507812 0.411779
5.515625 0.409014
5.523438 0.406195
5.531250 0.403323
5.539062 0.400398
5.546875 0.397421
5.554688 0.394392
5.562500 0.391312
5.570312 0.388180
5.578125 0.384998
5.585938 0.381766
5.593750 0.378484
5.601562 0.375154
5.609375 0.371775
5.617188 0.368347
5.625000 0.364873
5.632812 0.361351
5.640625 0.357783
5.648438 0.354168
5.656250 0.350509
5.664062 0.346804
5.671875 0.343055
5.679688 0.339262
5.687500 0.335426
5.695312 0.331548
5.703125 0.327627
5.710938 0.323665
5.718750 0.319661
5.726562 0.315617
5.734375 0.311534
5.742188 0.307411
5.750000 0.303250
5.757812 0.299051
5.765625 0.294814
5.773438 0.290540
5.781250 0.286231
5.789062 0.281885
5.796875 0.277505
5.804688 0.273090
5.812500 0.268642
5.820312 0.264161
5.828125 0.259647
5.835938 0.255102
5.843750 0.250525
5.851562 0.245918
5.859375 0.241281
5.867188 0.236615
5.875000 0.231921
5.882812 0.227198
5.890625 0.222449
5.898438 0.217672
5.906250 0.212871
5.914062 0.208044
5.921875 0.203192
5.929688 0.198317
5.937500 0.193418
5.945312 0.188497
5.953125 0.183555
5.960938 0.178591
5.968750 0.173607
5.976562 0.168603
5.984375 0.163580
5.992188 0.158540
6.000000 0.153481
6.007812 0.148406
6.015625 0.143314
6.023438 0.138207
6.031250 0.133085
6.039062 0.127949
6.046875 0.122800
6.054688 0.117639
6.062500 0.112465
6.070312 0.107280
6.078125 0.102085
6.085938 0.096880
6.093750 0.091665
6.101562 0.086443
6.109375 0.081213
6.117188 0.075976
6.125000 0.070732
6.132812 0.065483
6.140625 0.060230
6.148438 0.054972
6.156250 0.049711
6.164062 0.044448
6.171875 0.039183
6.179688 0.033916
6.187500 0.028649
6.195312 0.023382
6.203125 0.018116
6.210938 0.012852
6.218750 0.007590
6.226562 0.002331
6.234375 0.002924
6.242188 0.008174
6.250000 0.013419
6.257812 0.018658
6.265625 0.023891
6.273438 0.029116
6.281250 0.034334
6.289062 0.039542
6.296875 0.044741
6.304688 0.049930
6.312500 0.055108
6.320312 0.060275
6.328125 0.065430
6.335938 0.070571
6.343750 0.075699
6.351562 0.080813
6.359375 0.085912
6.367188 0.090995
6.375000 0.096062
6.382812 0.101112
6.390625 0.106144
6.398438 0.111158
6.406250 0.116153
6.414062 0.121129
6.421875 0.126084
6.429688 0.131018
6.437500 0.135931
6.445312 0.140821
6.453125 0.145689
6.460938 0.150533
6.468750 0.155353
6.476562 0.160148
6.484375 0.164918
6.492188 0.169662
6.500000 0.174379
6.507812 0.179069
6.515625 0.183731
6.523438 0.188364
6.531250 0.192969
6.539062 0.197544
6.546875 0.202088
6.554688 0.206602
6.562500 0.211084
6.570312 0.215534
6.578125 0.219952
6.585938 0.224337
6.593750 0.228688
6.601562 0.233004
6.609375 0.237286
6.617188 0.241532
6.625000 0.245743
6.632812 0.249916
6.640625 0.254053
6.648438 0.258153
6.656250 0.262214
6.664062 0.266237
6.671875 0.270221
6.679688 0.274165
6.687500 0.278069
6.695312 0.281932
6.703125 0.285755
6.710938 0.289536
6.718750 0.293275
6.726562 0.296971
6.734375 0.300625
6.742188 0.304235
6.750000 0.307801
6.757812 0.311323
6.765625 0.314800
6.773438 0.318232
6.781250 0.321618
6.789062 0.324959
6.796875 0.328253
6.804688 0.331500
6.812500 0.334700
6.820312 0.337852
6.828125 0.340956
6.835938 0.344012
6.843750 0.347019
6.851562 0.349977
6.859375 0.352886
6.867188 0.355744
6.875000 0.358553
6.882812 0.361311
6.890625 0.364018
6.898438 0.366674
6.906250 0.369279
6.914062 0.371831
6.921875 0.374332
6.929688 0.376780
6.937500 0.379176
6.945312 0.381518
6.953125 0.383808
6.960938 0.386043
6.968750 0.388226
6.976562 0.390354
6.984375 0.392428
6.992188 0.394447
7.000000 0.396412
7.007812 0.398322
7.015625 0.400176
7.023438 0.401976
7.031250 0.403719
7.039062 0.405408
7.046875 0.407040
7.054688 0.408616
7.062500 0.410136
7.070312 0.411599
7.078125 0.413006
7.085938 0.414356
7.093750 0.415650
7.101562 0.416886
7.109375 0.418065
7.117188 0.419187
7.125000 0.420252
7.132812 0.421260
7.140625 0.422210
7.148438 0.423102
7.156250 0.423937
7.164062 0.424714
7.171875 0.425433
7.179688 0.426095
7.187500 0.426698
7.195312 0.427244
7.203125 0.427732
7.210938 0.428162
7.218750 0.428534
7.226562 0.428848
7.234375 0.429104
7.242188 0.429302
7.250000 0.429442
7.257812 0.429524
7.265625 0.429549
7.273438 0.429515
7.281250 0.429424
7.289062 0.429275
7.296875 0.429069
7.304688 0.428805
7.312500 0.428483
7.320312 0.428105
7.328125 0.427668
7.335938 0.427175
7.343750 0.426625
7.351562 0.426017
7.359375 0.425353
7.367188 0.424632
7.375000 0.423855
7.382812 0.423021
7.390625 0.422131
7.398438 0.421185
7.406250 0.420183
7.414062 0.419125
7.421875 0.418012
7.429688 0.416843
7.437500 0.415619
7.445312 0.414340
7.453125 0.413007
7.460938 0.411619
7.468750 0.410177
7.476562 0.408680
7.484375 0.407130
7.492188 0.405526
7.500000 0.403870
7.507812 0.402160
7.515625 0.400397
7.523438 0.398582
7.531250 0.396714
7.539062 0.394795
7.546875 0.392824
7.554688 0.390802
7.562500 0.388729
7.570312 0.386605
7.578125 0.384431
7.585938 0.382206
7.593750 0.379933
7.601562 0.377609
7.609375 0.375237
7.617188 0.372816
7.625000 0.370347
7.632812 0.367830
7.640625 0.365266
7.648438 0.362654
7.656250 0.359996
7.664062 0.357291
7.671875 0.354540
7.679688 0.351744
7.687500 0.348902
7.695312 0.346016
7.703125 0.343086
7.710938 0.340111
7.718750 0.337094
7.726562 0.334033
7.734375 0.330929
7.742188 0.327784
7.750000 0.324597
7.757812 0.321368
7.765625 0.318099
7.773438 0.314790
7.781250 0.311440
7.789062 0.308052
7.796875 0.304624
7.804688 0.301158
7.812500 0.297655
7.820312 0.294114
7.828125 0.290536
7.835938 0.286922
7.843750 0.283271
7.851562 0.279586
7.859375 0.275866
7.867188 0.272111
7.875000 0.268323
7.882812 0.264501
7.890625 0.260647
7.898438 0.256761
7.906250 0.252843
7.914062 0.248894
7.921875 0.244914
7.929688 0.240905
7.937500 0.236866
7.945312 0.232798
7.953125 0.228702
7.960938 0.224578
7.968750 0.220428
7.976562 0.216250
7.984375 0.212047
7.992188 0.207818
8.000000 0.203564
8.007812 0.199287
8.015625 0.194985
8.023438 0.190661
8.031250 0.186314
8.039062 0.181945
8.046875 0.177555
8.054688 0.173144
8.062500 0.168714
8.070312 0.164263
8.078125 0.159794
8.085938 0.155307
8.093750 0.150802
8.101562 0.146280
8.109375 0.141742
8.117188 0.137188
8.125000 0.132619
8.132812 0.128035
8.140625 0.123438
8.148438 0.118827
8.156250 0.114203
8.164062 0.109568
8.171875 0.104921
8.179688 0.100263
8.187500 0.095595
8.195312 0.090918
8.203125 0.086232
8.210938 0.081537
8.218750 0.076835
8.226562 0.072126
8.234375 0.067411
8.242188 0.062689
8.250000 0.057963
8.257812 0.053232
8.265625 0.048498
8.273438 0.043760
8.281250 0.039020
8.289062 0.034277
8.296875 0.029534
8.304688 0.024789
8.312500 0.020045
8.320312 0.015301
8.328125 0.010559
8.335938 0.005818
8.343750 0.001080
8.351562 0.003655
8.359375 0.008386
8.367188 0.013113
8.375000 0.017835
8.382812 0.022551
8.390625 0.027261
8.398438 0.031964
8.406250 0.036660
8.414062 0.041348
8.421875 0.046026
8.429688 0.050696
8.437500 0.055356
8.445312 0.060005
8.453125 0.064642
8.460938 0.069269
8.468750 0.073882
8.476562 0.078483
8.484375 0.083070
8.492188 0.087643
8.500000 0.092201
8.507812 0.096744
8.515625 0.101271
8.523438 0.105781
8.531250 0.110274
8.539062 0.114749
8.546875 0.119207
8.554688 0.123645
8.562500 0.128063
8.570312 0.132462
8.578125 0.136840
8.585938 0.141197
8.593750 0.145532
8.601562 0.149845
8.609375 0.154135
8.617188 0.158402
8.625000 0.162644
8.632812 0.166863
8.640625 0.171056
8.648438 0.175223
8.656250 0.179365
8.664062 0.183480
8.671875 0.187567
8.679688 0.191627
8.687500 0.195659
8.695312 0.199662
8.703125 0.203636
8.710938 0.207580
8.718750 0.211494
8.726562 0.215377
8.734375 0.219229
8.742188 0.223050
8.750000 0.226838
8.757812 0.230593
8.765625 0.234316
8.773438 0.238004
8.781250 0.241659
8.789062 0.245279
8.796875 0.248864
8.804688 0.252414
8.812500 0.255927
8.820312 0.259405
8.828125 0.262846
8.835938 0.266249
8.843750 0.269615
8.851562 0.272943
8.859375 0.276233
8.867188 0.279483
8.875000 0.282695
8.882812 0.285866
8.890625 0.288998
8.898438 0.292090
8.906250 0.295140
8.914062 0.298150
8.921875 0.301117
8.929688 0.304043
8.937500 0.306927
8.945312 0.309768
8.953125 0.312567
8.960938 0.315321
8.968750 0.318033
8.976562 0.320700
8.984375 0.323323
8.992188 0.325902
9.000000 0.328435
9.007812 0.330924
9.015625 0.333367
9.023438 0.335764
9.031250 0.338115
9.039062 0.340420
9.046875 0.342678
9.054688 0.344890
9.062500 0.347054
9.070312 0.349171
9.078125 0.351240
9.085938 0.353262
9.093750 0.355235
9.101562 0.357160
9.109375 0.359037
9.117188 0.360864
9.125000 0.362643
9.132812 0.364373
9.140625 0.366053
9.148438 0.367684
9.156250 0.369265
9.164062 0.370796
9.171875 0.372277
9.179688 0.373708
9.187500 0.375089
9.195312 0.376419
9.203125 0.377699
9.210938 0.378927
9.218750 0.380105
9.226562 0.381232
9.234375 0.382308
9.242188 0.383332
9.250000 0.384306
9.257812 0.385227
9.265625 0.386098
9.273438 0.386916
9.281250 0.387683
9.289062 0.388399
9.296875 0.389062
9.304688 0.389674
9.312500 0.390234
9.320312 0.390742
9.328125 0.391198
9.335938 0.391603
9.343750 0.391955
9.351562 0.392255
9.359375 0.392503
9.367188 0.392700
9.375000 0.392844
9.382812 0.392937
9.390625 0.392977
9.398438 0.392966
9.406250 0.392903
9.414062 0.392788
9.421875 0.392621
9.429688 0.392403
9.437500 0.392133
9.445312 0.391812
9.453125 0.391439
9.460938 0.391015
9.468750 0.390539
9.476562 0.390013
9.484375 0.389435
9.492188 0.388806
9.500000 0.388127
9.507812 0.387396
9.515625 0.386616
9.523438 0.385785
9.531250 0.384903
9.539062 0.383972
9.546875 0.382990
9.554688 0.381959
9.562500 0.380878
9.570312 0.379747
9.578125 0.378568
9.585938 0.377339
9.593750 0.376061
9.601562 0.374735
9.609375 0.373360
9.617188 0.371937
9.625000 0.370466
9.632812 0.368947
9.640625 0.367381
9.648438 0.365767
9.656250 0.364107
9.664062 0.362399
9.671875 0.360645
9.679688 0.358845
9.687500 0.356998
9.695312 0.355106
9.703125 0.353168
9.710938 0.351186
9.718750 0.349158
9.726562 0.347086
9.734375 0.344969
9.742188 0.342809
9.750000 0.340604
9.757812 0.338357
9.765625 0.336066
9.773438 0.333733
9.781250 0.331358
9.789062 0.328940
9.796875 0.326481
9.804688 0.323981
9.812500 0.321440
9.820312 0.318858
9.828125 0.316236
9.835938 0.313574
9.843750 0.310873
9.851562 0.308132
9.859375 0.305353
9.867188 0.302536
9.875000 0.299681
9.882812 0.296788
9.890625 0.293859
9.898438 0.290892
9.906250 0.287890
9.914062 0.284852
9.921875 0.281778
9.929688 0.278669
9.937500 0.275526
9.945312 0.272349
9.953125 0.269138
9.960938 0.265893
9.968750 0.262616
9.976562 0.259307
9.984375 0.255966
9.992188 0.252594
10.000000 0.249191
10.007812 0.245757
10.015625 0.242293
10.023438 0.238800
10.031250 0.235278
10.039062 0.231727
10.046875 0.228148
10.054688 0.224542
10.062500 0.220908
10.070312 0.217248
10.078125 0.213562
10.085938 0.209851
10.093750 0.206114
10.101562 0.202353
10.109375 0.198568
10.117188 0.194759
10.125000 0.190928
10.132812 0.187073
10.140625 0.183197
10.148438 0.179300
10.156250 0.175381
10.164062 0.171442
10.171875 0.167484
10.179688 0.163506
10.187500 0.159509
10.195312 0.155494
10.203125 0.151461
10.210938 0.147411
10.218750 0.143344
10.226562 0.139262
10.234375 0.135164
10.242188 0.131051
10.250000 0.126923
10.257812 0.122782
10.265625 0.118627
10.273438 0.114459
10.281250 0.110280
10.289062 0.106088
10.296875 0.101886
10.304688 0.097673
10.312500 0.093450
10.320312 0.089218
10.328125 0.084976
10.335938 0.080727
10.343750 0.076469
10.351562 0.072205
10.359375 0.067934
10.367188 0.063657
10.375000 0.059374
10.382812 0.055087
10.390625 0.050795
10.398438 0.046499
10.406250 0.042200
10.414062 0.037899
10.421875 0.033595
10.429688 0.029290
10.437500 0.024984
10.445312 0.020677
10.453125 0.016371
10.460938 0.012065
10.468750 0.007761
10.476562 0.003458
10.484375 0.000842
10.492188 0.005139
10.500000 0.009432
10.507812 0.013722
10.515625 0.018007
10.523438 0.022286
10.531250 0.026560
10.539062 0.030827
10.546875 0.035088
10.554688 0.039341
10.562500 0.043587
10.570312 0.047823
10.578125 0.052051
10.585938 0.056269
10.593750 0.060477
10.601562 0.064674
10.609375 0.068860
10.617188 0.073034
10.625000 0.077195
10.632812 0.081344
10.640625 0.085480
10.648438 0.089601
10.656250 0.093709
10.664062 0.097801
10.671875 0.101877
10.679688 0.105938
10.687500 0.109982
10.695312 0.114009
10.703125 0.118019
10.710938 0.122010
10.718750 0.125983
10.726562 0.129936
10.734375 0.133871
10.742188 0.137785
10.750000 0.141678
10.757812 0.145550
10.765625 0.149401
10.773438 0.153230
10.781250 0.157036
10.789062 0.160819
10.796875 0.164578
10.804688 0.168314
10.812500 0.172025
10.820312 0.175711
10.828125 0.179372
10.835938 0.183007
10.843750 0.186616
10.851562 0.190198
10.859375 0.193753
10.867188 0.197280
10.875000 0.200779
10.882812 0.204250
10.890625 0.207691
10.898438 0.211103
10.906250 0.214486
10.914062 0.217838
10.921875 0.221160
10.929688 0.224450
10.937500 0.227709
10.945312 0.230936
10.953125 0.234131
10.960938 0.237294
10.968750 0.240423
10.976562 0.243519
10.984375 0.246581
10.992188 0.249609
11.000000 0.252602
11.007812 0.255561
11.015625 0.258484
11.023438 0.261371
11.031250 0.264223
11.039062 0.267038
11.046875 0.269817
11.054688 0.272558
11.062500 0.275263
11.070312 0.277929
11.078125 0.280558
11.085938 0.283148
11.093750 0.285700
11.101562 0.288213
11.109375 0.290687
11.117188 0.293121
11.125000 0.295515
11.132812 0.297870
11.140625 0.300184
11.148438 0.302457
11.156250 0.304690
11.164062 0.306881
11.171875 0.309031
11.179688 0.311139
11.187500 0.313206
11.195312 0.315230
11.203125 0.317212
11.210938 0.319151
11.218750 0.321048
11.226562 0.322901
11.234375 0.324712
11.242188 0.326478
11.250000 0.328202
11.257812 0.329881
11.265625 0.331516
11.273438 0.333107
11.281250 0.334654
11.289062 0.336156
11.296875 0.337614
11.304688 0.339027
11.312500 0.340394
11.320312 0.341717
11.328125 0.342994
11.335938 0.344226
11.343750 0.345412
11.351562 0.346552
11.359375 0.347647
11.367188 0.348696
11.375000 0.349699
11.382812 0.350655
11.390625 0.351566
11.398438 0.352430
11.406250 0.353248
11.414062 0.354019
11.421875 0.354744
11.429688 0.355422
11.437500 0.356054
11.445312 0.356639
11.453125 0.357178
11.460938 0.357669
11.468750 0.358114
11.476562 0.358512
11.484375 0.358863
11.492188 0.359168
11.500000 0.359425
11.507812 0.359636
11.515625 0.359800
11.523438 0.359917
11.531250 0.359987
11.539062 0.360011
11.546875 0.359988
11.554688 0.359918
11.562500 0.359801
11.570312 0.359638
11.578125 0.359429
11.585938 0.359172
11.593750 0.358870
11.601562 0.358521
11.609375 0.358126
11.617188 0.357684
11.625000 0.357197
11.632812 0.356663
11.640625 0.356084
11.648438 0.355458
11.656250 0.354788
11.664062 0.354071
11.671875 0.353309
11.679688 0.352502
11.687500 0.351650
11.695312 0.350752
11.703125 0.349810
11.710938 0.348823
11.718750 0.347792
11.726562 0.346716
11.734375 0.345596
11.742188 0.344432
11.750000 0.343224
11.757812 0.341972
11.765625 0.340677
11.773438 0.339339
11.781250 0.337957
11.789062 0.336533
11.796875 0.335066
11.804688 0.333557
11.812500 0.332005
11.820312 0.330412
11.828125 0.328777
11.835938 0.327100
11.843750 0.325382
11.851562 0.323623
11.859375 0.321824
11.867188 0.319983
11.875000 0.318103
11.882812 0.316183
11.890625 0.314223
11.898438 0.312224
11.906250 0.310186
11.914062 0.308109
11.921875 0.305993
11.929688 0.303840
11.937500 0.301648
11.945312 0.299419
11.953125 0.297153
11.960938 0.294849
11.968750 0.292509
11.976562 0.290133
11.984375 0.287721
11.992188 0.285274
12.000000 0.282791
12.007812 0.280273
12.015625 0.277720
12.023438 0.275134
12.031250 0.272513
12.039062 0.269860
12.046875 0.267173
12.054688 0.264453
12.062500 0.261701
12.070312 0.258917
12.078125 0.256101
12.085938 0.253254
12.093750 0.250377
12.101562 0.247468
12.109375 0.244530
12.117188 0.241563
12.125000 0.238566
12.132812 0.235540
12.140625 0.232486
12.148438 0.229404
12.156250 0.226294
12.164062 0.223157
12.171875 0.219994
12.179688 0.216804
12.187500 0.213588
12.195312 0.210347
12.203125 0.207081
12.210938 0.203791
12.218750 0.200476
12.226562 0.197138
12.234375 0.193776
12.242188 0.190392
12.250000 0.186985
12.257812 0.183557
12.265625 0.180107
12.273438 0.176637
12.281250 0.173145
12.289062 0.169634
12.296875 0.166104
12.304688 0.162554
12.312500 0.158986
12.320312 0.155400
12.328125 0.151796
12.335938 0.148175
12.343750 0.144537
12.351562 0.140883
12.359375 0.137214
12.367188 0.133529
12.375000 0.129829
12.382812 0.126115
12.390625 0.122388
12.398438 0.118647
12.406250 0.114894
12.414062 0.111128
12.421875 0.107351
12.429688 0.103562
12.437500 0.099762
12.445312 0.095952
12.453125 0.092133
12.460938 0.088304
12.468750 0.084466
12.476562 0.080620
12.484375 0.076767
12.492188 0.072906
12.500000 0.069038
12.507812 0.065164
12.515625 0.061284
12.523438 0.057399
12.531250 0.053510
12.539062 0.049616
12.546875 0.045718
12.554688 0.041817
12.562500 0.037914
12.570312 0.034008
12.578125 0.030100
12.585938 0.026192
12.593750 0.022282
12.601562 0.018373
12.609375 0.014464
12.617188 0.010555
12.625000 0.006648
12.632812 0.002743
12.640625 0.001160
12.648438 0.005060
12.656250 0.008957
12.664062 0.012850
12.671875 0.016739
12.679688 0.020623
12.687500 0.024501
12.695312 0.028374
12.703125 0.032240
12.710938 0.036100
12.718750 0.039952
12.726562 0.043796
12.734375 0.047632
12.742188 0.051460
12.750000 0.055278
12.757812 0.059086
12.765625 0.062884
12.773438 0.066671
12.781250 0.070448
12.789062 0.074212
12.796875 0.077964
12.804688 0.081704
12.812500 0.085431
12.820312 0.089144
12.828125 0.092843
12.835938 0.096527
12.843750 0.100197
12.851562 0.103851
12.859375 0.107489
12.867188 0.111111
12.875000 0.114716
12.882812 0.118304
12.890625 0.121874
12.898438 0.125426
12.906250 0.128959
12.914062 0.132474
12.921875 0.135969
12.929688 0.139444
12.937500 0.142898
12.945312 0.146332
12.953125 0.149745
12.960938 0.153136
12.968750 0.156505
12.976562 0.159851
12.984375 0.163175
12.992188 0.166475
13.000000 0.169752
13.007812 0.173004
13.015625 0.176232
13.023438 0.179435
13.031250 0.182613
13.039062 0.185765
13.046875 0.188891
13.054688 0.191991
13.062500 0.195064
13.070312 0.198109
13.078125 0.201127
13.085938 0.204117
13.093750 0.207079
13.101562 0.210012
13.109375 0.212916
13.117188 0.215790
13.125000 0.218635
13.132812 0.221450
13.140625 0.224234
13.148438 0.226988
13.156250 0.229711
13.164062 0.232402
13.171875 0.235061
13.179688 0.237689
13.187500 0.240284
13.195312 0.242846
13.203125 0.245375
13.210938 0.247871
13.218750 0.250334
13.226562 0.252762
13.234375 0.255157
13.242188 0.257517
13.250000 0.259842
13.257812 0.262132
13.265625 0.264387
13.273438 0.266607
13.281250 0.268791
13.289062 0.270938
13.296875 0.273050
13.304688 0.275125
13.312500 0.277163
13.320312 0.279164
13.328125 0.281128
13.335938 0.283054
13.343750 0.284943
13.351562 0.286793
13.359375 0.288606
13.367188 0.290381
13.375000 0.292116
13.382812 0.293814
13.390625 0.295472
13.398438 0.297091
13.406250 0.298671
13.414062 0.300212
13.421875 0.301712
13.429688 0.303174
13.437500 0.304595
13.445312 0.305976
13.453125 0.307317
13.460938 0.308617
13.468750 0.309877
13.476562 0.311097
13.484375 0.312276
13.492188 0.313413
13.500000 0.314510
13.507812 0.315566
13.515625 0.316580
13.523438 0.317553
13.531250 0.318485
13.539062 0.319375
13.546875 0.320224
13.554688 0.321031
13.562500 0.321796
13.570312 0.322520
13.578125 0.323202
13.585938 0.323841
13.593750 0.324439
13.601562 0.324995
13.609375 0.325509
13.617188 0.325980
13.625000 0.326410
13.632812 0.326797
13.640625 0.327142
13.648438 0.327445
13.656250 0.327706
13.664062 0.327925
13.671875 0.328101
13.679688 0.328236
13.687500 0.328328
13.695312 0.328378
13.703125 0.328386
13.710938 0.328352
13.718750 0.328275
13.726562 0.328157
13.734375 0.327997
13.742188 0.327795
13.750000 0.327551
13.757812 0.327265
13.765625 0.326938
13.773438 0.326569
13.781250 0.326158
13.789062 0.325706
13.796875 0.325213
13.804688 0.324678
13.812500 0.324102
13.820312 0.323485
13.828125 0.322827
13.835938 0.322128
13.843750 0.321389
13.851562 0.320608
13.859375 0.319788
13.867188 0.318926
13.875000 0.318025
13.882812 0.317084
13.890625 0.316102
13.898438 0.315081
13.906250 0.314021
13.914062 0.312920
13.921875 0.311781
13.929688 0.310603
13.937500 0.309385
13.945312 0.308129
13.953125 0.306834
13.960938 0.305501
13.968750 0.304130
13.976562 0.302721
13.984375 0.301274
13.992188 0.299790
14.000000 0.298268
14.007812 0.296710
14.015625 0.295114
14.023438 0.293482
14.031250 0.291813
14.039062 0.290109
14.046875 0.288368
14.054688 0.286592
14.062500 0.284780
14.070312 0.282934
14.078125 0.281052
14.085938 0.279136
14.093750 0.277185
14.101562 0.275201
14.109375 0.273182
14.117188 0.271131
14.125000 0.269046
14.132812 0.266928
14.140625 0.264777
14.148438 0.262594
14.156250 0.260379
14.164062 0.258133
14.171875 0.255855
14.179688 0.253546
14.187500 0.251206
14.195312 0.248836
14.203125 0.246435
14.210938 0.244005
14.218750 0.241546
14.226562 0.239057
14.234375 0.236540
14.242188 0.233994
14.250000 0.231420
14.257812 0.228818
14.265625 0.226189
14.273438 0.223533
14.281250 0.220851
14.289062 0.218142
14.296875 0.215407
14.304688 0.212646
14.312500 0.209861
14.320312 0.207050
14.328125 0.204215
14.335938 0.201356
14.343750 0.198474
14.351562 0.195568
14.359375 0.192639
14.367188 0.189688
14.375000 0.186714
14.382812 0.183719
14.390625 0.180703
14.398438 0.177666
14.406250 0.174608
14.414062 0.171530
14.421875 0.168433
14.429688 0.165316
14.437500 0.162180
14.445312 0.159026
14.453125 0.155854
14.460938 0.152664
14.468750 0.149457
14.476562 0.146233
14.484375 0.142993
14.492188 0.139737
14.500000 0.136466
14.507812 0.133179
14.515625 0.129878
14.523438 0.126563
14.531250 0.123234
14.539062 0.119891
14.546875 0.116536
14.554688 0.113168
14.562500 0.109789
14.570312 0.106397
14.578125 0.102995
14.585938 0.099582
14.593750 0.096158
14.601562 0.092725
14.609375 0.089283
14.617188 0.085831
14.625000 0.082372
14.632812 0.078904
14.640625 0.075428
14.648438 0.071946
14.656250 0.068457
14.664062 0.064961
14.671875 0.061460
14.679688 0.057954
14.687500 0.054443
14.695312 0.050927
14.703125 0.047407
14.710938 0.043884
14.718750 0.040358
14.726562 0.036830
14.734375 0.033299
14.742188 0.029766
14.750000 0.026232
14.757812 0.022698
14.765625 0.019163
14.773438 0.015628
14.781250 0.012094
14.789062 0.008561
14.796875 0.005029
14.804688 0.001500
14.812500 0.002028
14.820312 0.005552
14.828125 0.009073
14.835938 0.012591
14.843750 0.016104
14.851562 0.019613
14.859375 0.023117
14.867188 0.026615
14.875000 0.030107
14.882812 0.033593
14.890625 0.037072
14.898438 0.040544
14.906250 0.044008
14.914062 0.047464
14.921875 0.050911
14.929688 0.054350
14.937500 0.057779
14.945312 0.061198
14.953125 0.064607
14.960938 0.068005
14.968750 0.071392
14.976562 0.074767
14.984375 0.078130
14.992188 0.081481
15.000000 0.084819
15.007812 0.088144
15.015625 0.091456
15.023438 0.094753
15.031250 0.098035
15.039062 0.101303
15.046875 0.104556
15.054688 0.107793
15.062500 0.111013
15.070312 0.114218
15.078125 0.117405
15.085938 0.120575
15.093750 0.123728
15.101562 0.126862
15.109375 0.129978
15.117188 0.133075
15.125000 0.136153
15.132812 0.139211
15.140625 0.142249
15.148438 0.145267
15.156250 0.148265
15.164062 0.151241
15.171875 0.154196
15.179688 0.157129
15.187500 0.160040
15.195312 0.162928
15.203125 0.165793
15.210938 0.168636
15.218750 0.171455
15.226562 0.174249
15.234375 0.177020
15.242188 0.179766
15.250000 0.182487
15.257812 0.185183
15.265625 0.187854
15.273438 0.190498
15.281250 0.193117
15.289062 0.195709
15.296875 0.198274
15.304688 0.200812
15.312500 0.203323
15.320312 0.205805
15.328125 0.208260
15.335938 0.210687
15.343750 0.213085
15.351562 0.215454
15.359375 0.217794
15.367188 0.220105
15.375000 0.222386
15.382812 0.224637
15.390625 0.226857
15.398438 0.229048
15.406250 0.231207
15.414062 0.233336
15.421875 0.235433
15.429688 0.237499
15.437500 0.239533
15.445312 0.241535
15.453125 0.243505
15.460938 0.245443
15.468750 0.247348
15.476562 0.249220
15.484375 0.251059
15.492188 0.252865
15.500000 0.254637
15.507812 0.256376
15.515625 0.258080
15.523438 0.259751
15.531250 0.261388
15.539062 0.262990
15.546875 0.264557
15.554688 0.266090
15.562500 0.267588
15.570312 0.269050
15.578125 0.270478
15.585938 0.271870
15.593750 0.273226
15.601562 0.274547
15.609375 0.275832
15.617188 0.277080
15.625000 0.278293
15.632812 0.279470
15.640625 0.280610
15.648438 0.281713
15.656250 0.282781
15.664062 0.283811
15.671875 0.284804
15.679688 0.285761
15.687500 0.286681
15.695312 0.287563
15.703125 0.288409
15.710938 0.289217
15.718750 0.289988
15.726562 0.290721
15.734375 0.291417
15.742188 0.292076
15.750000 0.292697
15.757812 0.293280
15.765625 0.293826
15.773438 0.294333
15.781250 0.294804
15.789062 0.295236
15.796875 0.295631
15.804688 0.295988
15.812500 0.296307
15.820312 0.296588
15.828125 0.296831
15.835938 0.297037
15.843750 0.297204
15.851562 0.297334
15.859375 0.297426
15.867188 0.297480
15.875000 0.297497
15.882812 0.297475
15.890625 0.297416
15.898438 0.297320
15.906250 0.297185
15.914062 0.297013
15.921875 0.296804
15.929688 0.296557
15.937500 0.296272
15.945312 0.295950
15.953125 0.295591
15.960938 0.295195
15.968750 0.294761
15.976562 0.294291
15.984375 0.293783
15.992188 0.293239
16.000000 0.292658
16.007812 0.292040
16.015625 0.291386
16.023438 0.290695
16.031250 0.289968
16.039062 0.289204
16.046875 0.288405
16.054688 0.287569
16.062500 0.286698
16.070312 0.285791
16.078125 0.284849
16.085938 0.283871
16.093750 0.282858
16.101562 0.281809
16.109375 0.280726
16.117188 0.279608
16.125000 0.278456
16.132812 0.277269
16.140625 0.276048
16.148438 0.274793
16.156250 0.273503
16.164062 0.272181
16.171875 0.270824
16.179688 0.269435
16.187500 0.268012
16.195312 0.266557
16.203125 0.265068
16.210938 0.263548
16.218750 0.261995
16.226562 0.260410
16.234375 0.258793
16.242188 0.257145
16.250000 0.255465
16.257812 0.253754
16.265625 0.252013
16.273438 0.250241
16.281250 0.248438
16.289062 0.246606
16.296875 0.244743
16.304688 0.242851
16.312500 0.240930
16.320312 0.238979
16.328125 0.237000
16.335938 0.234993
16.343750 0.232957
16.351562 0.230893
16.359375 0.228801
16.367188 0.226682
16.375000 0.224536
16.382812 0.222363
16.390625 0.220164
16.398438 0.217939
16.406250 0.215687
16.414062 0.213410
16.421875 0.211108
16.429688 0.208781
16.437500 0.206429
16.445312 0.204052
16.453125 0.201652
16.460938 0.199228
16.468750 0.196781
16.476562 0.194310
16.484375 0.191817
16.492188 0.189302
16.500000 0.186764
16.507812 0.184205
16.515625 0.181625
16.523438 0.179023
16.531250 0.176401
16.539062 0.173758
16.546875 0.171096
16.554688 0.168414
16.562500 0.165712
16.570312 0.162992
16.578125 0.160253
16.585938 0.157496
16.593750 0.154721
16.601562 0.151929
16.609375 0.149120
16.617188 0.146294
16.625000 0.143451
16.632812 0.140593
16.640625 0.137719
16.648438 0.134830
16.656250 0.131926
16.664062 0.129007
16.671875 0.126075
16.679688 0.123128
16.687500 0.120169
16.695312 0.117196
16.703125 0.114211
16.710938 0.111214
16.718750 0.108205
16.726562 0.105185
16.734375 0.102153
16.742188 0.099112
16.750000 0.096059
16.757812 0.092998
16.765625 0.089926
16.773438 0.086846
16.781250 0.083757
16.789062 0.080660
16.796875 0.077555
16.804688 0.074443
16.812500 0.071323
16.820312 0.068198
16.828125 0.065065
16.835938 0.061927
16.843750 0.058784
16.851562 0.055636
16.859375 0.052483
16.867188 0.049326
16.875000 0.046165
16.882812 0.043000
16.890625 0.039833
16.898438 0.036663
16.906250 0.033491
16.914062 0.030317
16.921875 0.027142
16.929688 0.023965
16.937500 0.020788
16.945312 0.017611
16.953125 0.014435
16.960938 0.011259
16.968750 0.008083
16.976562 0.004910
16.984375 0.001738
16.992188 0.001432
17.000000 0.004599
17.007812 0.007762
17.015625 0.010923
17.023438 0.014080
17.031250 0.017232
17.039062 0.020380
17.046875 0.023523
17.054688 0.026660
17.062500 0.029792
17.070312 0.032917
17.078125 0.036036
17.085938 0.039147
17.093750 0.042252
17.101562 0.045349
17.109375 0.048437
17.117188 0.051517
17.125000 0.054588
17.132812 0.057650
17.140625 0.060702
17.148438 0.063745
17.156250 0.066776
17.164062 0.069797
17.171875 0.072807
17.179688 0.075805
17.187500 0.078792
17.195312 0.081766
17.203125 0.084727
17.210938 0.087675
17.218750 0.090610
17.226562 0.093532
17.234375 0.096439
17.242188 0.099332
17.250000 0.102210
17.257812 0.105073
17.265625 0.107920
17.273438 0.110751
17.281250 0.113567
17.289062 0.116366
17.296875 0.119147
17.304688 0.121912
17.312500 0.124659
17.320312 0.127388
17.328125 0.130099
17.335938 0.132792
17.343750 0.135466
17.351562 0.138120
17.359375 0.140755
17.367188 0.143370
17.375000 0.145965
17.382812 0.148540
17.390625 0.151093
17.398438 0.153626
17.406250 0.156137
17.414062 0.158627
17.421875 0.161095
17.429688 0.163540
17.437500 0.165963
17.445312 0.168363
17.453125 0.170740
17.460938 0.173093
17.468750 0.175423
17.476562 0.177729
17.484375 0.180011
17.492188 0.182268
17.500000 0.184500
17.507812 0.186708
17.515625 0.188890
17.523438 0.191046
17.531250 0.193177
17.539062 0.195282
17.546875 0.197360
17.554688 0.199412
17.562500 0.201437
17.570312 0.203435
17.578125 0.205406
17.585938 0.207349
17.593750 0.209265
17.601562 0.211153
17.609375 0.213013
17.617188 0.214844
17.625000 0.216647
17.632812 0.218421
17.640625 0.220166
17.648438 0.221882
17.656250 0.223569
17.664062 0.225226
17.671875 0.226854
17.679688 0.228452
17.687500 0.230019
17.695312 0.231556
17.703125 0.233063
17.710938 0.234540
17.718750 0.235985
17.726562 0.237400
17.734375 0.238784
17.742188 0.240136
17.750000 0.241458
17.757812 0.242747
17.765625 0.244005
17.773438 0.245232
17.781250 0.246426
17.789062 0.247589
17.796875 0.248719
17.804688 0.249817
17.812500 0.250883
17.820312 0.251916
17.828125 0.252917
17.835938 0.253885
17.843750 0.254820
17.851562 0.255723
17.859375 0.256592
17.867188 0.257429
17.875000 0.258232
17.882812 0.259003
17.890625 0.259740
17.898438 0.260443
17.906250 0.261114
17.914062 0.261750
17.921875 0.262354
17.929688 0.262924
17.937500 0.263460
17.945312 0.263963
17.953125 0.264432
17.960938 0.264867
17.968750 0.265269
17.976562 0.265637
17.984375 0.265971
17.992188 0.266272
18.000000 0.266538
18.007812 0.266771
18.015625 0.266970
18.023438 0.267136
18.031250 0.267267
18.039062 0.267365
18.046875 0.267429
18.054688 0.267459
18.062500 0.267456
18.070312 0.267419
18.078125 0.267348
18.085938 0.267244
18.093750 0.267106
18.101562 0.266935
18.109375 0.266730
18.117188 0.266492
18.125000 0.266220
18.132812 0.265915
18.140625 0.265577
18.148438 0.265206
18.156250 0.264801
18.164062 0.264364
18.171875 0.263894
18.179688 0.263390
18.187500 0.262854
18.195312 0.262286
18.203125 0.261685
18.210938 0.261051
18.218750 0.260385
18.226562 0.259687
18.234375 0.258957
18.242188 0.258195
18.250000 0.257400
18.257812 0.256574
18.265625 0.255717
18.273438 0.254828
18.281250 0.253908
18.289062 0.252956
18.296875 0.251973
18.304688 0.250960
18.312500 0.249915
18.320312 0.248840
18.328125 0.247735
18.335938 0.246599
18.343750 0.245434
18.351562 0.244238
18.359375 0.243012
18.367188 0.241757
18.375000 0.240473
18.382812 0.239159
18.390625 0.237817
18.398438 0.236445
18.406250 0.235045
18.414062 0.233616
18.421875 0.232159
18.429688 0.230675
18.437500 0.229162
18.445312 0.227622
18.453125 0.226054
18.460938 0.224459
18.468750 0.222837
18.476562 0.221189
18.484375 0.219514
18.492188 0.217813
18.500000 0.216085
18.507812 0.214332
18.515625 0.212554
18.523438 0.210750
18.531250 0.208921
18.539062 0.207068
18.546875 0.205189
18.554688 0.203287
18.562500 0.201360
18.570312 0.199410
18.578125 0.197436
18.585938 0.195439
18.593750 0.193419
18.601562 0.191377
18.609375 0.189312
18.617188 0.187225
18.625000 0.185116
18.632812 0.182985
18.640625 0.180833
18.648438 0.178661
18.656250 0.176467
18.664062 0.174253
18.671875 0.172019
18.679688 0.169765
18.687500 0.167492
18.695312 0.165200
18.703125 0.162888
18.710938 0.160558
18.718750 0.158210
18.726562 0.155844
18.734375 0.153460
18.742188 0.151058
18.750000 0.148640
18.757812 0.146205
18.765625 0.143754
18.773438 0.141286
18.781250 0.138803
18.789062 0.136304
18.796875 0.133791
18.804688 0.131262
18.812500 0.128719
18.820312 0.126162
18.828125 0.123592
18.835938 0.121007
18.843750 0.118410
18.851562 0.115800
18.859375 0.113178
18.867188 0.110543
18.875000 0.107897
18.882812 0.105239
18.890625 0.102570
18.898438 0.099891
18.906250 0.097201
18.914062 0.094501
18.921875 0.091792
18.929688 0.089073
18.937500 0.086345
18.945312 0.083609
18.953125 0.080864
18.960938 0.078112
18.968750 0.075352
18.976562 0.072584
18.984375 0.069810
18.992188 0.067029
19.000000 0.064243
19.007812 0.061450
19.015625 0.058652
19.023438 0.055849
19.031250 0.053041
19.039062 0.050229
19.046875 0.047413
19.054688 0.044593
19.062500 0.041770
19.070312 0.038944
19.078125 0.036116
19.085938 0.033285
19.093750 0.030452
19.101562 0.027618
19.109375 0.024783
19.117188 0.021947
19.125000 0.019110
19.132812 0.016274
19.140625 0.013437
19.148438 0.010602
19.156250 0.007767
19.164062 0.004934
19.171875 0.002102
19.179688 0.000727
19.187500 0.003554
19.195312 0.006379
19.203125 0.009200
19.210938 0.012017
19.218750 0.014831
19.226562 0.017641
19.234375 0.020446
19.242188 0.023246
19.250000 0.026041
19.257812 0.028831
19.265625 0.031614
19.273438 0.034392
19.281250 0.037162
19.289062 0.039926
19.296875 0.042682
19.304688 0.045431
19.312500 0.048172
19.320312 0.050905
19.328125 0.053629
19.335938 0.056343
19.343750 0.059049
19.351562 0.061745
19.359375 0.064431
19.367188 0.067107
19.375000 0.069772
19.382812 0.072426
19.390625 0.075069
19.398438 0.077700
19.406250 0.080319
19.414062 0.082926
19.421875 0.085520
19.429688 0.088102
19.437500 0.090670
19.445312 0.093225
19.453125 0.095766
19.460938 0.098293
19.468750 0.100806
19.476562 0.103304
19.484375 0.105786
19.492188 0.108254
19.500000 0.110706
19.507812 0.113142
19.515625 0.115561
19.523438 0.117965
19.531250 0.120351
19.539062 0.122720
19.546875 0.125072
19.554688 0.127407
19.562500 0.129723
19.570312 0.132021
19.578125 0.134301
19.585938 0.136562
19.593750 0.138804
19.601562 0.141027
19.609375 0.143230
19.617188 0.145414
19.625000 0.147577
19.632812 0.149720
19.640625 0.151843
19.648438 0.153944
19.656250 0.156025
19.664062 0.158084
19.671875 0.160122
19.679688 0.162138
19.687500 0.164132
19.695312 0.166104
19.703125 0.168053
19.710938 0.169980
19.718750 0.171884
19.726562 0.173765
19.734375 0.175622
19.742188 0.177455
19.750000 0.179265
19.757812 0.181051
19.765625 0.182813
19.773438 0.184551
19.781250 0.186263
19.789062 0.187951
19.796875 0.189614
19.804688 0.191252
19.812500 0.192865
19.820312 0.194452
19.828125 0.196013
19.835938 0.197549
19.843750 0.199058
19.851562 0.200541
19.859375 0.201998
19.867188 0.203429
19.875000 0.204832
19.882812 0.206209
19.890625 0.207559
19.898438 0.208882
19.906250 0.210177
19.914062 0.211445
19.921875 0.212685
19.929688 0.213898
19.937500 0.215083
19.945312 0.216240
19.953125 0.217369
19.960938 0.218470
19.968750 0.219542
19.976562 0.220586
19.984375 0.221602
19.992188 0.222589
20.000000 0.223547
20.007812 0.224476
20.015625 0.225377
20.023438 0.226248
20.031250 0.227091
20.039062 0.227904
20.046875 0.228688
20.054688 0.229443
20.062500 0.230168
20.070312 0.230864
20.078125 0.231531
20.085938 0.232168
20.093750 0.232775
20.101562 0.233353
20.109375 0.233901
20.117188 0.234419
20.125000 0.234907
20.132812 0.235366
20.140625 0.235794
20.148438 0.236193
20.156250 0.236562
20.164062 0.236901
20.171875 0.237210
20.179688 0.237489
20.187500 0.237738
20.195312 0.237957
20.203125 0.238146
20.210938 0.238305
20.218750 0.238435
20.226562 0.238534
20.234375 0.238603
20.242188 0.238642
20.250000 0.238652
20.257812 0.238631
20.265625 0.238581
20.273438 0.238501
20.281250 0.238391
20.289062 0.238251
20.296875 0.238082
20.304688 0.237883
20.312500 0.237654
20.320312 0.237396
20.328125 0.237108
20.335938 0.236791
20.343750 0.236445
20.351562 0.236069
20.359375 0.235664
20.367188 0.235230
20.375000 0.234766
20.382812 0.234274
20.390625 0.233753
20.398438 0.233203
20.406250 0.232624
20.414062 0.232017
20.421875 0.231381
20.429688 0.230717
20.437500 0.230025
20.445312 0.229304
20.453125 0.228555
20.460938 0.227778
20.468750 0.226974
20.476562 0.226141
20.484375 0.225281
20.492188 0.224394
20.500000 0.223479
20.507812 0.222538
20.515625 0.221569
20.523438 0.220573
20.531250 0.219550
20.539062 0.218501
20.546875 0.217426
20.554688 0.216324
20.562500 0.215196
20.570312 0.214042
20.578125 0.212862
20.585938 0.211657
20.593750 0.210426
20.601562 0.209170
20.609375 0.207888
20.617188 0.206582
20.625000 0.205252
20.632812 0.203896
20.640625 0.202516
20.648438 0.201113
20.656250 0.199685
20.664062 0.198233
20.671875 0.196758
20.679688 0.195260
20.687500 0.193738
20.695312 0.192194
20.703125 0.190626
20.710938 0.189036
20.718750 0.187424
20.726562 0.185790
20.734375 0.184134
20.742188 0.182457
20.750000 0.180758
20.757812 0.179038
20.765625 0.177297
20.773438 0.175535
20.781250 0.173753
20.789062 0.171951
20.796875 0.170129
20.804688 0.168287
20.812500 0.166425
20.820312 0.164545
20.828125 0.162645
20.835938 0.160727
20.843750 0.158790
20.851562 0.156835
20.859375 0.154862
20.867188 0.152872
20.875000 0.150864
20.882812 0.148838
20.890625 0.146797
20.898438 0.144738
20.906250 0.142663
20.914062 0.140572
20.921875 0.138466
20.929688 0.136343
20.937500 0.134206
20.945312 0.132054
20.953125 0.129887
20.960938 0.127705
20.968750 0.125510
20.976562 0.123300
20.984375 0.121078
20.992188 0.118842
21.000000 0.116593
21.007812 0.114331
21.015625 0.112057
21.023438 0.109771
21.031250 0.107474
21.039062 0.105165
21.046875 0.102844
21.054688 0.100513
21.062500 0.098172
21.070312 0.095820
21.078125 0.093458
21.085938 0.091086
21.093750 0.088705
21.101562 0.086315
21.109375 0.083917
21.117188 0.081510
21.125000 0.079095
21.132812 0.076672
21.140625 0.074241
21.148438 0.071804
21.156250 0.069359
21.164062 0.066908
21.171875 0.064451
21.179688 0.061988
21.187500 0.059519
21.195312 0.057045
21.203125 0.054566
21.210938 0.052082
21.218750 0.049594
21.226562 0.047102
21.234375 0.044606
21.242188 0.042107
21.250000 0.039604
21.257812 0.037099
21.265625 0.034592
21.273438 0.032082
21.281250 0.029570
21.289062 0.027057
21.296875 0.024543
21.304688 0.022028
21.312500 0.019512
21.320312 0.016996
21.328125 0.014480
21.335938 0.011964
21.343750 0.009449
21.351562 0.006936
21.359375 0.004423
21.367188 0.001912
21.375000 0.000597
21.382812 0.003104
21.390625 0.005608
21.398438 0.008109
21.406250 0.010607
21.414062 0.013102
21.421875 0.015593
21.429688 0.018079
21.437500 0.020562
21.445312 0.023039
21.453125 0.025512
21.460938 0.027979
21.468750 0.030441
21.476562 0.032896
21.484375 0.035346
21.492188 0.037788
21.500000 0.040224
21.507812 0.042653
21.515625 0.045074
21.523438 0.047488
21.531250 0.049894
21.539062 0.052291
21.546875 0.054680
21.554688 0.057059
21.562500 0.059430
21.570312 0.061791
21.578125 0.064142
21.585938 0.066484
21.593750 0.068814
21.601562 0.071135
21.609375 0.073444
21.617188 0.075742
21.625000 0.078029
21.632812 0.080304
21.640625 0.082567
21.648438 0.084818
21.656250 0.087056
21.664062 0.089281
21.671875 0.091493
21.679688 0.093692
21.687500 0.095877
21.695312 0.098049
21.703125 0.100206
21.710938 0.102349
21.718750 0.104477
21.726562 0.106590
21.734375 0.108688
21.742188 0.110771
21.750000 0.112838
21.757812 0.114889
21.765625 0.116924
21.773438 0.118943
21.781250 0.120945
21.789062 0.122930
21.796875 0.124898
21.804688 0.126849
21.812500 0.128782
21.820312 0.130698
21.828125 0.132595
21.835938 0.134475
21.843750 0.136336
21.851562 0.138178
21.859375 0.140001
21.867188 0.141806
21.875000 0.143591
21.882812 0.145356
21.890625 0.147102
21.898438 0.148828
21.906250 0.150534
21.914062 0.152220
21.921875 0.153885
21.929688 0.155529
21.937500 0.157153
21.945312 0.158755
21.953125 0.160337
21.960938 0.161897
21.968750 0.163435
21.976562 0.164952
21.984375 0.166447
21.992188 0.167919
22.000000 0.169370
22.007812 0.170798
22.015625 0.172203
22.023438 0.173586
22.031250 0.174946
22.039062 0.176283
22.046875 0.177597
22.054688 0.178887
22.062500 0.180154
22.070312 0.181397
22.078125 0.182617
22.085938 0.183813
22.093750 0.184985
22.101562 0.186132
22.109375 0.187256
22.117188 0.188355
22.125000 0.189430
22.132812 0.190480
22.140625 0.191505
22.148438 0.192506
22.156250 0.193482
22.164062 0.194432
22.171875 0.195358
22.179688 0.196258
22.187500 0.197134
22.195312 0.197984
22.203125 0.198808
22.210938 0.199607
22.218750 0.200380
22.226562 0.201128
22.234375 0.201850
22.242188 0.202546
22.250000 0.203216
22.257812 0.203861
22.265625 0.204479
22.273438 0.205071
22.281250 0.205637
22.289062 0.206177
22.296875 0.206691
22.304688 0.207179
22.312500 0.207640
22.320312 0.208075
22.328125 0.208484
22.335938 0.208867
22.343750 0.209223
22.351562 0.209552
22.359375 0.209856
22.367188 0.210132
22.375000 0.210383
22.382812 0.210607
22.390625 0.210804
22.398438 0.210975
22.406250 0.211120
22.414062 0.211238
22.421875 0.211330
22.429688 0.211395
22.437500 0.211434
22.445312 0.211446
22.453125 0.211432
22.460938 0.211392
22.468750 0.211326
22.476562 0.211233
22.484375 0.211114
22.492188 0.210969
22.500000 0.210797
22.507812 0.210600
22.515625 0.210376
22.523438 0.210127
22.531250 0.209851
22.539062 0.209550
22.546875 0.209222
22.554688 0.208869
22.562500 0.208490
22.570312 0.208086
22.578125 0.207656
22.585938 0.207200
22.593750 0.206720
22.601562 0.206213
22.609375 0.205682
22.617188 0.205125
22.625000 0.204544
22.632812 0.203937
22.640625 0.203305
22.648438 0.202649
22.656250 0.201968
22.664062 0.201263
22.671875 0.200533
22.679688 0.199778
22.687500 0.199000
22.695312 0.198197
22.703125 0.197371
22.710938 0.196520
22.718750 0.195646
22.726562 0.194749
22.734375 0.193828
22.742188 0.192883
22.750000 0.191915
22.757812 0.190925
22.765625 0.189911
22.773438 0.188875
22.781250 0.187816
22.789062 0.186734
22.796875 0.185631
22.804688 0.184505
22.812500 0.183357
22.820312 0.182188
22.828125 0.180996
22.835938 0.179784
22.843750 0.178550
22.851562 0.177295
22.859375 0.176019
22.867188 0.174722
22.875000 0.173404
22.882812 0.172066
22.890625 0.170708
22.898438 0.169330
22.906250 0.167932
22.914062 0.166515
22.921875 0.165077
22.929688 0.163621
22.937500 0.162146
22.945312 0.160651
22.953125 0.159138
22.960938 0.157607
22.968750 0.156057
22.976562 0.154490
22.984375 0.152904
22.992188 0.151301
23.000000 0.149681
23.007812 0.148043
23.015625 0.146388
23.023438 0.144717
23.031250 0.143029
23.039062 0.141325
23.046875 0.139604
23.054688 0.137868
23.062500 0.136117
23.070312 0.134350
23.078125 0.132567
23.085938 0.130770
23.093750 0.128959
23.101562 0.127133
23.109375 0.125292
23.117188 0.123438
23.125000 0.121570
23.132812 0.119689
23.140625 0.117794
23.148438 0.115886
23.156250 0.113966
23.164062 0.112033
23.171875 0.110089
23.179688 0.108132
23.187500 0.106163
23.195312 0.104183
23.203125 0.102192
23.210938 0.100190
23.218750 0.098177
23.226562 0.096154
23.234375 0.094121
23.242188 0.092078
23.250000 0.090025
23.257812 0.087963
23.265625 0.085891
23.273438 0.083811
23.281250 0.081723
23.289062 0.079626
23.296875 0.077521
23.304688 0.075409
23.312500 0.073289
23.320312 0.071161
23.328125 0.069027
23.335938 0.066886
23.343750 0.064739
23.351562 0.062586
23.359375 0.060427
23.367188 0.058262
23.375000 0.056092
23.382812 0.053917
23.390625 0.051737
23.398438 0.049553
23.406250 0.047365
23.414062 0.045172
23.421875 0.042976
23.429688 0.040777
23.437500 0.038575
23.445312 0.036370
23.453125 0.034162
23.460938 0.031952
23.468750 0.029740
23.476562 0.027526
23.484375 0.025311
23.492188 0.023095
23.500000 0.020878
23.507812 0.018661
23.515625 0.016443
23.523438 0.014225
23.531250 0.012007
23.539062 0.009790
23.546875 0.007574
23.554688 0.005359
23.562500 0.003145
23.570312 0.000933
23.578125 0.001278
23.585938 0.003486
23.593750 0.005692
23.601562 0.007895
23.609375 0.010095
23.617188 0.012292
23.625000 0.014485
23.632812 0.016674
23.640625 0.018860
23.648438 0.021041
23.656250 0.023217
23.664062 0.025389
23.671875 0.027555
23.679688 0.029716
23.687500 0.031871
23.695312 0.034021
23.703125 0.036164
23.710938 0.038301
23.718750 0.040431
23.726562 0.042554
23.734375 0.044670
23.742188 0.046778
23.750000 0.048879
23.757812 0.050971
23.765625 0.053056
23.773438 0.055132
23.781250 0.057199
23.789062 0.059257
23.796875 0.061306
23.804688 0.063345
23.812500 0.065375
23.820312 0.067394
23.828125 0.069404
23.835938 0.071402
23.843750 0.073391
23.851562 0.075368
23.859375 0.077334
23.867188 0.079289
23.875000 0.081232
23.882812 0.083163
23.890625 0.085082
23.898438 0.086989
23.906250 0.088883
23.914062 0.090764
23.921875 0.092632
23.929688 0.094487
23.937500 0.096329
23.945312 0.098157
23.953125 0.099971
23.960938 0.101771
23.968750 0.103557
23.976562 0.105328
23.984375 0.107084
23.992188 0.108826
24.000000 0.110552
24.007812 0.112263
24.015625 0.113959
24.023438 0.115639
24.031250 0.117303
24.039062 0.118951
24.046875 0.120582
24.054688 0.122197
24.062500 0.123795
24.070312 0.125377
24.078125 0.126941
24.085938 0.128488
24.093750 0.130018
24.101562 0.131531
24.109375 0.133025
24.117188 0.134502
24.125000 0.135960
24.132812 0.137401
24.140625 0.138822
24.148438 0.140226
24.156250 0.141610
24.164062 0.142976
24.171875 0.144323
24.179688 0.145650
24.187500 0.146958
24.195312 0.148247
24.203125 0.149516
24.210938 0.150766
24.218750 0.151995
24.226562 0.153205
24.234375 0.154394
24.242188 0.155563
24.250000 0.156711
24.257812 0.157840
24.265625 0.158947
24.273438 0.160034
24.281250 0.161099
24.289062 0.162144
24.296875 0.163168
24.304688 0.164170
24.312500 0.165151
24.320312 0.166111
24.328125 0.167049
24.335938 0.167966
24.343750 0.168860
24.351562 0.169733
24.359375 0.170584
24.367188 0.171413
24.375000 0.172221
24.382812 0.173005
24.390625 0.173768
24.398438 0.174508
24.406250 0.175226
24.414062 0.175922
24.421875 0.176595
24.429688 0.177246
24.437500 0.177874
24.445312 0.178479
24.453125 0.179061
24.460938 0.179621
24.468750 0.180158
24.476562 0.180672
24.484375 0.181163
24.492188 0.181631
24.500000 0.182076
24.507812 0.182498
24.515625 0.182897
24.523438 0.183273
24.531250 0.183626
24.539062 0.183956
24.546875 0.184262
24.554688 0.184546
24.562500 0.184806
24.570312 0.185043
24.578125 0.185256
24.585938 0.185447
24.593750 0.185614
24.601562 0.185759
24.609375 0.185879
24.617188 0.185977
24.625000 0.186052
24.632812 0.186103
24.640625 0.186131
24.648438 0.186136
24.656250 0.186118
24.664062 0.186077
24.671875 0.186013
24.679688 0.185926
24.687500 0.185815
24.695312 0.185682
24.703125 0.185526
24.710938 0.185347
24.718750 0.185145
24.726562 0.184920
24.734375 0.184673
24.742188 0.184403
24.750000 0.184110
24.757812 0.183794
24.765625 0.183456
24.773438 0.183096
24.781250 0.182713
24.789062 0.182308
24.796875 0.181881
24.804688 0.181431
24.812500 0.180959
24.820312 0.180466
24.828125 0.179950
24.835938 0.179412
24.843750 0.178853
24.851562 0.178272
24.859375 0.177670
24.867188 0.177046
24.875000 0.176400
24.882812 0.175733
24.890625 0.175045
24.898438 0.174336
24.906250 0.173606
24.914062 0.172855
24.921875 0.172084
24.929688 0.171291
24.937500 0.170478
24.945312 0.169645
24.953125 0.168792
24.960938 0.167918
24.968750 0.167024
24.976562 0.166111
24.984375 0.165177
24.992188 0.164224
25.000000 0.163252
25.007812 0.162260
25.015625 0.161249
25.023438 0.160219
25.031250 0.159170
25.039062 0.158102
25.046875 0.157016
25.054688 0.155911
25.062500 0.154787
25.070312 0.153646
25.078125 0.152487
25.085938 0.151309
25.093750 0.150114
25.101562 0.148902
25.109375 0.147672
25.117188 0.146425
25.125000 0.145161
25.132812 0.143881
25.140625 0.142583
25.148438 0.141269
25.156250 0.139939
25.164062 0.138593
25.171875 0.137230
25.179688 0.135852
25.187500 0.134459
25.195312 0.133050
25.203125 0.131626
25.210938 0.130187
25.218750 0.128733
25.226562 0.127264
25.234375 0.125781
25.242188 0.124284
25.250000 0.122773
25.257812 0.121248
25.265625 0.119709
25.273438 0.118157
25.281250 0.116592
25.289062 0.115014
25.296875 0.113423
25.304688 0.111819
25.312500 0.110203
25.320312 0.108575
25.328125 0.106935
25.335938 0.105283
25.343750 0.103620
25.351562 0.101945
25.359375 0.100260
25.367188 0.098563
25.375000 0.096856
25.382812 0.095139
25.390625 0.093411
25.398438 0.091673
25.406250 0.089926
25.414062 0.088169
25.421875 0.086403
25.429688 0.084628
25.437500 0.082844
25.445312 0.081051
25.453125 0.079250
25.460938 0.077441
25.468750 0.075624
25.476562 0.073799
25.484375 0.071967
25.492188 0.070127
25.500000 0.068281
25.507812 0.066428
25.515625 0.064569
25.523438 0.062703
25.531250 0.060831
25.539062 0.058953
25.546875 0.057070
25.554688 0.055182
25.562500 0.053288
25.570312 0.051390
25.578125 0.049487
25.585938 0.047580
25.593750 0.045669
25.601562 0.043754
25.609375 0.041835
25.617188 0.039913
25.625000 0.037987
25.632812 0.036059
25.640625 0.034129
25.648438 0.032195
25.656250 0.030260
25.664062 0.028323
25.671875 0.026384
25.679688 0.024443
25.687500 0.022502
25.695312 0.020559
25.703125 0.018616
25.710938 0.016672
25.718750 0.014728
25.726562 0.012784
25.734375 0.010841
25.742188 0.008897
25.750000 0.006955
25.757812 0.005014
25.765625 0.003073
25.773438 0.001135
25.781250 0.000802
25.789062 0.002738
25.796875 0.004671
25.804688 0.006601
25.812500 0.008529
25.820312 0.010454
25.828125 0.012376
25.835938 0.014294
25.843750 0.016209
25.851562 0.018120
25.859375 0.020027
25.867188 0.021930
25.875000 0.023828
25.882812 0.025722
25.890625 0.027610
25.898438 0.029493
25.906250 0.031371
25.914062 0.033243
25.921875 0.035110
25.929688 0.036970
25.937500 0.038823
25.945312 0.040670
25.953125 0.042511
25.960938 0.044344
25.968750 0.046170
25.976562 0.047989
25.984375 0.049800
25.992188 0.051603
26.000000 0.053398
26.007812 0.055184
26.015625 0.056962
26.023438 0.058731
26.031250 0.060492
26.039062 0.062243
26.046875 0.063985
26.054688 0.065717
26.062500 0.067439
26.070312 0.069152
26.078125 0.070854
26.085938 0.072545
26.093750 0.074227
26.101562 0.075897
26.109375 0.077556
26.117188 0.079204
26.125000 0.080841
26.132812 0.082466
26.140625 0.084080
26.148438 0.085681
26.156250 0.087270
26.164062 0.088847
26.171875 0.090412
26.179688 0.091963
26.187500 0.093502
26.195312 0.095028
26.203125 0.096540
26.210938 0.098039
26.218750 0.099525
26.226562 0.100997
26.234375 0.102455
26.242188 0.103898
26.250000 0.105328
26.257812 0.106743
26.265625 0.108143
26.273438 0.109529
26.281250 0.110900
26.289062 0.112256
26.296875 0.113596
26.304688 0.114922
26.312500 0.116231
26.320312 0.117525
26.328125 0.118804
26.335938 0.120066
26.343750 0.121312
26.351562 0.122542
26.359375 0.123756
26.367188 0.124953
26.375000 0.126133
26.382812 0.127297
26.390625 0.128444
26.398438 0.129574
26.406250 0.130686
26.414062 0.131782
26.421875 0.132860
26.429688 0.133920
26.437500 0.134963
26.445312 0.135988
26.453125 0.136996
26.460938 0.137985
26.468750 0.138956
26.476562 0.139910
26.484375 0.140845
26.492188 0.141761
26.500000 0.142659
26.507812 0.143539
26.515625 0.144400
26.523438 0.145242
26.531250 0.146066
26.539062 0.146870
26.546875 0.147656
26.554688 0.148423
26.562500 0.149170
26.570312 0.149898
26.578125 0.150607
26.585938 0.151297
26.593750 0.151967
26.601562 0.152618
26.609375 0.153249
26.617188 0.153861
26.625000 0.154453
26.632812 0.155025
26.640625 0.155577
26.648438 0.156110
26.656250 0.156623
26.664062 0.157116
26.671875 0.157589
26.679688 0.158042
26.687500 0.158475
26.695312 0.158888
26.703125 0.159281
26.710938 0.159654
26.718750 0.160007
26.726562 0.160339
26.734375 0.160651
26.742188 0.160943
26.750000 0.161215
26.757812 0.161467
26.765625 0.161698
26.773438 0.161910
26.781250 0.162101
26.789062 0.162271
26.796875 0.162422
26.804688 0.162552
26.812500 0.162662
26.820312 0.162751
26.828125 0.162821
26.835938 0.162870
26.843750 0.162899
26.851562 0.162907
26.859375 0.162896
26.867188 0.162864
26.875000 0.162813
26.882812 0.162741
26.890625 0.162649
26.898438 0.162537
26.906250 0.162405
26.914062 0.162253
26.921875 0.162081
26.929688 0.161889
26.937500 0.161677
26.945312 0.161446
26.953125 0.161194
26.960938 0.160923
26.968750 0.160632
26.976562 0.160322
26.984375 0.159992
26.992188 0.159643
27.000000 0.159274
27.007812 0.158886
27.015625 0.158478
27.023438 0.158052
27.031250 0.157606
27.039062 0.157141
27.046875 0.156657
27.054688 0.156154
27.062500 0.155633
27.070312 0.155092
27.078125 0.154533
27.085938 0.153955
27.093750 0.153359
27.101562 0.152744
27.109375 0.152111
27.117188 0.151460
27.125000 0.150791
27.132812 0.150103
27.140625 0.149398
27.148438 0.148675
27.156250 0.147934
27.164062 0.147176
27.171875 0.146400
27.179688 0.145607
27.187500 0.144796
27.195312 0.143969
27.203125 0.143124
27.210938 0.142263
27.218750 0.141384
27.226562 0.140489
27.234375 0.139578
27.242188 0.138650
27.250000 0.137706
27.257812 0.136746
27.265625 0.135769
27.273438 0.134777
27.281250 0.133770
27.289062 0.132746
27.296875 0.131707
27.304688 0.130653
27.312500 0.129584
27.320312 0.128500
27.328125 0.127400
27.335938 0.126287
27.343750 0.125158
27.351562 0.124015
27.359375 0.122858
27.367188 0.121687
27.375000 0.120502
27.382812 0.119304
27.390625 0.118091
27.398438 0.116865
27.406250 0.115626
27.414062 0.114374
27.421875 0.113109
27.429688 0.111831
27.437500 0.110541
27.445312 0.109238
27.453125 0.107923
27.460938 0.106595
27.468750 0.105256
27.476562 0.103906
27.484375 0.102543
27.492188 0.101169
27.500000 0.099784
27.507812 0.098389
27.515625 0.096982
27.523438 0.095565
27.531250 0.094137
27.539062 0.092699
27.546875 0.091251
27.554688 0.089793
27.562500 0.088325
27.570312 0.086848
27.578125 0.085361
27.585938 0.083866
27.593750 0.082361
27.601562 0.080848
27.609375 0.079326
27.617188 0.077796
27.625000 0.076258
27.632812 0.074712
27.640625 0.073158
27.648438 0.071596
27.656250 0.070028
27.664062 0.068452
27.671875 0.066869
27.679688 0.065279
27.687500 0.063683
27.695312 0.062081
27.703125 0.060473
27.710938 0.058858
27.718750 0.057238
27.726562 0.055613
27.734375 0.053982
27.742188 0.052346
27.750000 0.050705
27.757812 0.049060
27.765625 0.047410
27.773438 0.045755
27.781250 0.044097
27.789062 0.042435
27.796875 0.040769
27.804688 0.039100
27.812500 0.037428
27.820312 0.035753
27.828125 0.034075
27.835938 0.032394
27.843750 0.030711
27.851562 0.029026
27.859375 0.027339
27.867188 0.025650
27.875000 0.023960
27.882812 0.022268
27.890625 0.020576
27.898438 0.018882
27.906250 0.017188
27.914062 0.015493
27.921875 0.013798
27.929688 0.012103
27.937500 0.010408
27.945312 0.008714
27.953125 0.007020
27.960938 0.005327
27.968750 0.003635
27.976562 0.001944
27.984375 0.000255
27.992188 0.001433
28.000000 0.003119
28.007812 0.004803
28.015625 0.006485
28.023438 0.008164
28.031250 0.009840
28.039062 0.011514
28.046875 0.013185
28.054688 0.014852
28.062500 0.016516
28.070312 0.018176
28.078125 0.019832
28.085938 0.021484
28.093750 0.023132
28.101562 0.024776
28.109375 0.026414
28.117188 0.028048
28.125000 0.029677
28.132812 0.031300
28.140625 0.032919
28.148438 0.034531
28.156250 0.036137
28.164062 0.037738
28.171875 0.039332
28.179688 0.040920
28.187500 0.042501
28.195312 0.044075
28.203125 0.045642
28.210938 0.047203
28.218750 0.048755
28.226562 0.050300
28.234375 0.051838
28.242188 0.053367
28.250000 0.054889
28.257812 0.056402
28.265625 0.057906
28.273438 0.059402
28.281250 0.060890
28.289062 0.062368
28.296875 0.063837
28.304688 0.065296
28.312500 0.066746
28.320312 0.068187
28.328125 0.069617
28.335938 0.071038
28.343750 0.072448
28.351562 0.073848
28.359375 0.075238
28.367188 0.076617
28.375000 0.077985
28.382812 0.079342
28.390625 0.080687
28.398438 0.082022
28.406250 0.083345
28.414062 0.084656
28.421875 0.085956
28.429688 0.087244
28.437500 0.088519
28.445312 0.089783
28.453125 0.091034
28.460938 0.092273
28.468750 0.093499
28.476562 0.094712
28.484375 0.095912
28.492188 0.097099
28.500000 0.098273
28.507812 0.099434
28.515625 0.100581
28.523438 0.101715
28.531250 0.102835
28.539062 0.103941
28.546875 0.105034
28.554688 0.106112
28.562500 0.107176
28.570312 0.108226
28.578125 0.109261
28.585938 0.110282
28.593750 0.111288
28.601562 0.112279
28.609375 0.113255
28.617188 0.114217
28.625000 0.115163
28.632812 0.116095
28.640625 0.117011
28.648438 0.117911
28.656250 0.118796
28.664062 0.119666
28.671875 0.120520
28.679688 0.121358
28.687500 0.122180
28.695312 0.122987
28.703125 0.123777
28.710938 0.124551
28.718750 0.125309
28.726562 0.126051
28.734375 0.126777
28.742188 0.127486
28.750000 0.128179
28.757812 0.128855
28.765625 0.129515
28.773438 0.130158
28.781250 0.130784
28.789062 0.131393
28.796875 0.131986
28.804688 0.132561
28.812500 0.133120
28.820312 0.133662
28.828125 0.134186
28.835938 0.134694
28.843750 0.135184
28.851562 0.135657
28.859375 0.136113
28.867188 0.136552
28.875000 0.136973
28.882812 0.137377
28.890625 0.137764
28.898438 0.138133
28.906250 0.138485
28.914062 0.138819
28.921875 0.139136
28.929688 0.139435
28.937500 0.139717
28.945312 0.139981
28.953125 0.140228
28.960938 0.140457
28.968750 0.140668
28.976562 0.140862
28.984375 0.141038
28.992188 0.141197
29.000000 0.141338
29.007812 0.141461
29.015625 0.141567
29.023438 0.141655
29.031250 0.141726
29.039062 0.141779
29.046875 0.141815
29.054688 0.141833
29.062500 0.141833
29.070312 0.141816
29.078125 0.141781
29.085938 0.141729
29.093750 0.141659
29.101562 0.141572
29.109375 0.141468
29.117188 0.141346
29.125000 0.141207
29.132812 0.141051
29.140625 0.140877
29.148438 0.140686
29.156250 0.140478
29.164062 0.140252
29.171875 0.140010
29.179688 0.139750
29.187500 0.139474
29.195312 0.139181
29.203125 0.138870
29.210938 0.138543
29.218750 0.138199
29.226562 0.137838
29.234375 0.137461
29.242188 0.137067
29.250000 0.136656
29.257812 0.136229
29.265625 0.135786
29.273438 0.135326
29.281250 0.134850
29.289062 0.134358
29.296875 0.133850
29.304688 0.133325
29.312500 0.132785
29.320312 0.132229
29.328125 0.131657
29.335938 0.131070
29.343750 0.130466
29.351562 0.129848
29.359375 0.129214
29.367188 0.128564
29.375000 0.127899
29.382812 0.127220
29.390625 0.126525
29.398438 0.125815
29.406250 0.125090
29.414062 0.124351
29.421875 0.123597
29.429688 0.122828
29.437500 0.122046
29.445312 0.121248
29.453125 0.120437
29.460938 0.119612
29.468750 0.118772
29.476562 0.117919
29.484375 0.117052
29.492188 0.116172
29.500000 0.115278
29.507812 0.114371
29.515625 0.113450
29.523438 0.112516
29.531250 0.111570
29.539062 0.110611
29.546875 0.109639
29.554688 0.108654
29.562500 0.107657
29.570312 0.106647
29.578125 0.105626
29.585938 0.104592
29.593750 0.103547
29.601562 0.102490
29.609375 0.101421
29.617188 0.100341
29.625000 0.099249
29.632812 0.098147
29.640625 0.097033
29.648438 0.095909
29.656250 0.094773
29.664062 0.093627
29.671875 0.092471
29.679688 0.091305
29.687500 0.090128
29.695312 0.088942
29.703125 0.087745
29.710938 0.086539
29.718750 0.085324
29.726562 0.084099
29.734375 0.082865
29.742188 0.081623
29.750000 0.080371
29.757812 0.079111
29.765625 0.077842
29.773438 0.076565
29.781250 0.075279
29.789062 0.073986
29.796875 0.072685
29.804688 0.071376
29.812500 0.070060
29.820312 0.068736
29.828125 0.067405
29.835938 0.066067
29.843750 0.064723
29.851562 0.063371
29.859375 0.062014
29.867188 0.060650
29.875000 0.059280
29.882812 0.057904
29.890625 0.056522
29.898438 0.055135
29.906250 0.053742
29.914062 0.052344
29.921875 0.050941
29.929688 0.049533
29.937500 0.048120
29.945312 0.046703
29.953125 0.045282
29.960938 0.043856
29.968750 0.042426
29.976562 0.040993
29.984375 0.039556
29.992188 0.038116
30.000000 0.036672
