0.000000 100.000000
0.062500 99.999999
0.125000 99.999999
0.187500 99.999998
0.250000 99.999997
0.312500 99.999997
0.375000 99.999996
0.437500 99.999995
0.500000 99.999995
0.562500 99.999994
0.625000 99.999993
0.687500 99.999993
0.750000 99.999992
0.812500 99.999991
0.875000 99.999991
0.937500 99.999990
1.000000 99.999989
1.062500 99.999989
1.125000 99.999988
1.187500 99.999987
1.250000 99.999987
1.312500 99.999986
1.375000 99.999985
1.437500 99.999985
1.500000 99.999984
1.562500 99.999983
1.625000 99.999983
1.687500 99.999982
1.750000 99.999981
1.812500 99.999981
1.875000 99.999980
1.937500 99.999979
2.000000 99.999979
2.062500 99.999978
2.125000 99.999978
2.187500 99.999977
2.250000 99.999976
2.312500 99.999976
2.375000 99.999975
2.437500 99.999974
2.500000 99.999974
2.562500 99.999973
2.625000 99.999972
2.687500 99.999972
2.750000 99.999971
2.812500 99.999970
2.875000 99.999970
2.937500 99.999969
3.000000 99.999968
3.062500 99.999968
3.125000 99.999967
3.187500 99.999966
3.250000 99.999966
3.312500 99.999965
3.375000 99.999964
3.437500 99.999964
3.500000 99.999963
3.562500 99.999962
3.625000 99.999962
3.687500 99.999961
3.750000 99.999960
3.812500 99.999960
3.875000 99.999959
3.937500 99.999958
4.000000 99.999958
4.062500 99.999957
4.125000 99.999956
4.187500 99.999956
4.250000 99.999955
4.312500 99.999954
4.375000 99.999954
4.437500 99.999953
4.500000 99.999952
4.562500 99.999952
4.625000 99.999951
4.687500 99.999950
4.750000 99.999950
4.812500 99.999949
4.875000 99.999948
4.937500 99.999948
5.000000 99.999947
5.062500 99.999946
5.125000 99.999946
5.187500 99.999945
5.250000 99.999944
5.312500 99.999944
5.375000 99.999943
5.437500 99.999942
5.500000 99.999942
5.562500 99.999941
5.625000 99.999940
5.687500 99.999940
5.750000 99.999939
5.812500 99.999938
5.875000 99.999938
5.937500 99.999937
6.000000 99.999936
6.062500 99.999936
6.125000 99.999935
6.187500 99.999934
6.250000 99.999934
6.312500 99.999933
6.375000 99.999933
6.437500 99.999932
6.500000 99.999931
6.562500 99.999931
6.625000 99.999930
6.687500 99.999929
6.750000 99.999929
6.812500 99.999928
6.875000 99.999927
6.937500 99.999927
7.000000 99.999926
7.062500 99.999925
7.125000 99.999925
7.187500 99.999924
7.250000 99.999923
7.312500 99.999923
7.375000 99.999922
7.437500 99.999921
7.500000 99.999921
7.562500 99.999920
7.625000 99.999919
7.687500 99.999919
7.750000 99.999918
7.812500 99.999917
7.875000 99.999917
7.937500 99.999916
8.000000 99.999915
8.062500 99.999915
8.125000 99.999914
8.187500 99.999913
8.250000 99.999913
8.312500 99.999912
8.375000 99.999911
8.437500 99.999911
8.500000 99.999910
8.562500 99.999909
8.625000 99.999909
8.687500 99.999908
8.750000 99.999907
8.812500 99.999907
8.875000 99.999906
8.937500 99.999905
9.000000 99.999905
9.062500 99.999904
9.125000 99.999903
9.187500 99.999903
9.250000 99.999902
9.312500 99.999901
9.375000 99.999901
9.437500 99.999900
9.500000 99.999899
9.562500 99.999899
9.625000 99.999898
9.687500 99.999897
9.750000 99.999897
9.812500 99.999896
9.875000 99.999895
9.937500 99.999895
10.000000 99.999894
10.062500 99.999893
10.125000 99.999893
10.187500 99.999892
10.250000 99.999891
10.312500 99.999891
10.375000 99.999890
10.437500 99.999890
10.500000 99.999889
10.562500 99.999888
10.625000 99.999888
10.687500 99.999887
10.750000 99.999886
10.812500 99.999886
10.875000 99.999885
10.937500 99.999884
11.000000 99.999884
11.062500 99.999883
11.125000 99.999882
11.187500 99.999882
11.250000 99.999881
11.312500 99.999880
11.375000 99.999880
11.437500 99.999879
11.500000 99.999878
11.562500 99.999878
11.625000 99.999877
11.687500 99.999876
11.750000 99.999876
11.812500 99.999875
11.875000 99.999874
11.937500 99.999874
12.000000 99.999873
12.062500 99.999872
12.125000 99.999872
12.187500 99.999871
12.250000 99.999870
12.312500 99.999870
12.375000 99.999869
12.437500 99.999868
12.500000 99.999868
12.562500 99.999867
12.625000 99.999866
12.687500 99.999866
12.750000 99.999865
12.812500 99.999864
12.875000 99.999864
12.937500 99.999863
13.000000 99.999862
13.062500 99.999862
13.125000 99.999861
13.187500 99.999860
13.250000 99.999860
13.312500 99.999859
13.375000 99.999858
13.437500 99.999858
13.500000 99.999857
13.562500 99.999856
13.625000 99.999856
13.687500 99.999855
13.750000 99.999854
13.812500 99.999854
13.875000 99.999853
13.937500 99.999852
14.000000 99.999852
14.062500 99.999851
14.125000 99.999850
14.187500 99.999850
14.250000 99.999849
14.312500 99.999848
14.375000 99.999848
14.437500 99.999847
14.500000 99.999847
14.562500 99.999846
14.625000 99.999845
14.687500 99.999845
14.750000 99.999844
14.812500 99.999843
14.875000 99.999843
14.937500 99.999842
15.000000 99.999841
15.062500 99.999841
15.125000 99.999840
15.187500 99.999839
15.250000 99.999839
15.312500 99.999838
15.375000 99.999837
15.437500 99.999837
15.500000 99.999836
15.562500 99.999835
15.625000 99.999835
15.687500 99.999834
15.750000 99.999833
15.812500 99.999833
15.875000 99.999832
15.937500 99.999831
16.000000 99.999831
16.062500 99.999830
16.125000 99.999829
16.187500 99.999829
16.250000 99.999828
16.312500 99.999827
16.375000 99.999827
16.437500 99.999826
16.500000 99.999825
16.562500 99.999825
16.625000 99.999824
16.687500 99.999823
16.750000 99.999823
16.812500 99.999822
16.875000 99.999821
16.937500 99.999821
17.000000 99.999820
17.062500 99.999819
17.125000 99.999819
17.187500 99.999818
17.250000 99.999817
17.312500 99.999817
17.375000 99.999816
17.437500 99.999815
17.500000 99.999815
17.562500 99.999814
17.625000 99.999813
17.687500 99.999813
17.750000 99.999812
17.812500 99.999811
17.875000 99.999811
17.937500 99.999810
18.000000 99.999809
18.062500 99.999809
18.125000 99.999808
18.187500 99.999807
18.250000 99.999807
18.312500 99.999806
18.375000 99.999805
18.437500 99.999805
18.500000 99.999804
18.562500 99.999803
18.625000 99.999803
18.687500 99.999802
18.750000 99.999802
18.812500 99.999801
18.875000 99.999800
18.937500 99.999800
19.000000 99.999799
19.062500 99.999798
19.125000 99.999798
19.187500 99.999797
19.250000 99.999796
19.312500 99.999796
19.375000 99.999795
19.437500 99.999794
19.500000 99.999794
19.562500 99.999793
19.625000 99.999792
19.687500 99.999792
19.750000 99.999791
19.812500 99.999790
19.875000 99.999790
19.937500 99.999789
20.000000 99.999788
20.062500 99.999788
20.125000 99.999787
20.187500 99.999786
20.250000 99.999786
20.312500 99.999785
20.375000 99.999784
20.437500 99.999784
20.500000 99.999783
20.562500 99.999782
20.625000 99.999782
20.687500 99.999781
20.750000 99.999780
20.812500 99.999780
20.875000 99.999779
20.937500 99.999778
21.000000 99.999778
21.062500 99.999777
21.125000 99.999776
21.187500 99.999776
21.250000 99.999775
21.312500 99.999774
21.375000 99.999774
21.437500 99.999773
21.500000 99.999772
21.562500 99.999772
21.625000 99.999771
21.687500 99.999770
21.750000 99.999770
21.812500 99.999769
21.875000 99.999768
21.937500 99.999768
22.000000 99.999767
22.062500 99.999766
22.125000 99.999766
22.187500 99.999765
22.250000 99.999764
22.312500 99.999764
22.375000 99.999763
22.437500 99.999762
22.500000 99.999762
22.562500 99.999761
22.625000 99.999760
22.687500 99.999760
22.750000 99.999759
22.812500 99.999759
22.875000 99.999758
22.937500 99.999757
23.000000 99.999757
23.062500 99.999756
23.125000 99.999755
23.187500 99.999755
23.250000 99.999754
23.312500 99.999753
23.375000 99.999753
23.437500 99.999752
23.500000 99.999751
23.562500 99.999751
23.625000 99.999750
23.687500 99.999749
23.750000 99.999749
23.812500 99.999748
23.875000 99.999747
23.937500 99.999747
24.000000 99.999746
24.062500 99.999745
24.125000 99.999745
24.187500 99.999744
24.250000 99.999743
24.312500 99.999743
24.375000 99.999742
24.437500 99.999741
24.500000 99.999741
24.562500 99.999740
24.625000 99.999739
24.687500 99.999739
24.750000 99.999738
24.812500 99.999737
24.875000 99.999737
24.937500 99.999736
25.000000 99.999735
25.062500 99.999735
25.125000 99.999734
25.187500 99.999733
25.250000 99.999733
25.312500 99.999732
25.375000 99.999731
25.437500 99.999731
25.500000 99.999730
25.562500 99.999729
25.625000 99.999729
25.687500 99.999728
25.750000 99.999727
25.812500 99.999727
25.875000 99.999726
25.937500 99.999725
26.000000 99.999725
26.062500 99.999724
26.125000 99.999723
26.187500 99.999723
26.250000 99.999722
26.312500 99.999721
26.375000 99.999721
26.437500 99.999720
26.500000 99.999719
26.562500 99.999719
26.625000 99.999718
26.687500 99.999717
26.750000 99.999717
26.812500 99.999716
26.875000 99.999716
26.937500 99.999715
27.000000 99.999714
27.062500 99.999714
27.125000 99.999713
27.187500 99.999712
27.250000 99.999712
27.312500 99.999711
27.375000 99.999710
27.437500 99.999710
27.500000 99.999709
27.562500 99.999708
27.625000 99.999708
27.687500 99.999707
27.750000 99.999706
27.812500 99.999706
27.875000 99.999705
27.937500 99.999704
28.000000 99.999704
28.062500 99.999703
28.125000 99.999702
28.187500 99.999702
28.250000 99.999701
28.312500 99.999700
28.375000 99.999700
28.437500 99.999699
28.500000 99.999698
28.562500 99.999698
28.625000 99.999697
28.687500 99.999696
28.750000 99.999696
28.812500 99.999695
28.875000 99.999694
28.937500 99.999694
29.000000 99.999693
29.062500 99.999692
29.125000 99.999692
29.187500 99.999691
29.250000 99.999690
29.312500 99.999690
29.375000 99.999689
29.437500 99.999688
29.500000 99.999688
29.562500 99.999687
29.625000 99.999686
29.687500 99.999686
29.750000 99.999685
29.812500 99.999684
29.875000 99.999684
29.937500 99.999683
30.000000 99.999682
