0.000000 100.000000
0.007812 100.012207
0.015625 100.024416
0.023438 100.036626
0.031250 100.048837
0.039062 100.061050
0.046875 100.073265
0.054688 100.085481
0.062500 100.097698
0.070312 100.109917
0.078125 100.122137
0.085938 100.134359
0.093750 100.146583
0.101562 100.158808
0.109375 100.171034
0.117188 100.183262
0.125000 100.195491
0.132812 100.207722
0.140625 100.219955
0.148438 100.232189
0.156250 100.244424
0.164062 100.256661
0.171875 100.268899
0.179688 100.281139
0.187500 100.293380
0.195312 100.305623
0.203125 100.317868
0.210938 100.330113
0.218750 100.342361
0.226562 100.354610
0.234375 100.366860
0.242188 100.379112
0.250000 100.391365
0.257812 100.403620
0.265625 100.415876
0.273438 100.428134
0.281250 100.440393
0.289062 100.452654
0.296875 100.464916
0.304688 100.477180
0.312500 100.489445
0.320312 100.501712
0.328125 100.513980
0.335938 100.526250
0.343750 100.538521
0.351562 100.550794
0.359375 100.563068
0.367188 100.575344
0.375000 100.587622
0.382812 100.599900
0.390625 100.612181
0.398438 100.624462
0.406250 100.636746
0.414062 100.649030
0.421875 100.661317
0.429688 100.673604
0.437500 100.685894
0.445312 100.698184
0.453125 100.710477
0.460938 100.722770
0.468750 100.735066
0.476562 100.747362
0.484375 100.759661
0.492188 100.771960
0.500000 100.784262
0.507812 100.796564
0.515625 100.808869
0.523438 100.821174
0.531250 100.833482
0.539062 100.845791
0.546875 100.858101
0.554688 100.870413
0.562500 100.882726
0.570312 100.895041
0.578125 100.907357
0.585938 100.919675
0.593750 100.931994
0.601562 100.944315
0.609375 100.956637
0.617188 100.968961
0.625000 100.981286
0.632812 100.993613
0.640625 101.005941
0.648438 101.018271
0.656250 101.030603
0.664062 101.042935
0.671875 101.055270
0.679688 101.067606
0.687500 101.079943
0.695312 101.092282
0.703125 101.104622
0.710938 101.116964
0.718750 101.129307
0.726562 101.141652
0.734375 101.153999
0.742188 101.166347
0.750000 101.178696
0.757812 101.191047
0.765625 101.203399
0.773438 101.215753
0.781250 101.228109
0.789062 101.240466
0.796875 101.252824
0.804688 101.265184
0.812500 101.277546
0.820312 101.289909
0.828125 101.302273
0.835938 101.314639
0.843750 101.327007
0.851562 101.339376
0.859375 101.351746
0.867188 101.364118
0.875000 101.376492
0.882812 101.388867
0.890625 101.401243
0.898438 101.413621
0.906250 101.426001
0.914062 101.438382
0.921875 101.450765
0.929688 101.463149
0.937500 101.475534
0.945312 101.487922
0.953125 101.500310
0.960938 101.512700
0.968750 101.525092
0.976562 101.537485
0.984375 101.549880
0.992188 101.562276
1.000000 101.574674
1.007812 101.587073
1.015625 101.599474
1.023438 101.611876
1.031250 101.624280
1.039062 101.636685
1.046875 101.649092
1.054688 101.661501
1.062500 101.673910
1.070312 101.686322
1.078125 101.698735
1.085938 101.711149
1.093750 101.723565
1.101562 101.735982
1.109375 101.748401
1.117188 101.760822
1.125000 101.773244
1.132812 101.785667
1.140625 101.798092
1.148438 101.810519
1.156250 101.822947
1.164062 101.835376
1.171875 101.847807
1.179688 101.860240
1.187500 101.872674
1.195312 101.885110
1.203125 101.897547
1.210938 101.909986
1.218750 101.922426
1.226562 101.934868
1.234375 101.947311
1.242188 101.959755
1.250000 101.972202
1.257812 101.984649
1.265625 101.997099
1.273438 102.009550
1.281250 102.022002
1.289062 102.034456
1.296875 102.046911
1.304688 102.059368
1.312500 102.071827
1.320312 102.084286
1.328125 102.096748
1.335938 102.109211
1.343750 102.121675
1.351562 102.134141
1.359375 102.146609
1.367188 102.159078
1.375000 102.171549
1.382812 102.184021
1.390625 102.196494
1.398438 102.208970
1.406250 102.221446
1.414062 102.233924
1.421875 102.246404
1.429688 102.258885
1.437500 102.271368
1.445312 102.283852
1.453125 102.296338
1.460938 102.308826
1.468750 102.321315
1.476562 102.333805
1.484375 102.346297
1.492188 102.358790
1.500000 102.371285
1.507812 102.383782
1.515625 102.396280
1.523438 102.408779
1.531250 102.421280
1.539062 102.433783
1.546875 102.446287
1.554688 102.458793
1.562500 102.471300
1.570312 102.483809
1.578125 102.496319
1.585938 102.508831
1.593750 102.521344
1.601562 102.533859
1.609375 102.546375
1.617188 102.558893
1.625000 102.571412
1.632812 102.583933
1.640625 102.596456
1.648438 102.608980
1.656250 102.621505
1.664062 102.634032
1.671875 102.646561
1.679688 102.659091
1.687500 102.671623
1.695312 102.684156
1.703125 102.696690
1.710938 102.709227
1.718750 102.721764
1.726562 102.734304
1.734375 102.746844
1.742188 102.759387
1.750000 102.771931
1.757812 102.784476
1.765625 102.797023
1.773438 102.809571
1.781250 102.822121
1.789062 102.834673
1.796875 102.847226
1.804688 102.859781
1.812500 102.872337
1.820312 102.884894
1.828125 102.897454
1.835938 102.910014
1.843750 102.922577
1.851562 102.935140
1.859375 102.947706
1.867188 102.960273
1.875000 102.972841
1.882812 102.985411
1.890625 102.997982
1.898438 103.010555
1.906250 103.023130
1.914062 103.035706
1.921875 103.048283
1.929688 103.060863
1.937500 103.073443
1.945312 103.086026
1.953125 103.098609
1.960938 103.111195
1.968750 103.123781
1.976562 103.136370
1.984375 103.148960
1.992188 103.161551
2.000000 103.174144
2.007812 103.186738
2.015625 103.199335
2.023438 103.211932
2.031250 103.224531
2.039062 103.237132
2.046875 103.249734
2.054688 103.262338
2.062500 103.274943
2.070312 103.287550
2.078125 103.300158
2.085938 103.312768
2.093750 103.325379
2.101562 103.337992
2.109375 103.350607
2.117188 103.363223
2.125000 103.375841
2.132812 103.388460
2.140625 103.401080
2.148438 103.413703
2.156250 103.426326
2.164062 103.438952
2.171875 103.451578
2.179688 103.464207
2.187500 103.476837
2.195312 103.489468
2.203125 103.502101
2.210938 103.514736
2.218750 103.527372
2.226562 103.540009
2.234375 103.552649
2.242188 103.565289
2.250000 103.577931
2.257812 103.590575
2.265625 103.603221
2.273438 103.615867
2.281250 103.628516
2.289062 103.641166
2.296875 103.653817
2.304688 103.666470
2.312500 103.679125
2.320312 103.691781
2.328125 103.704439
2.335938 103.717098
2.343750 103.729759
2.351562 103.742421
2.359375 103.755085
2.367188 103.767750
2.375000 103.780417
2.382812 103.793086
2.390625 103.805756
2.398438 103.818428
2.406250 103.831101
2.414062 103.843775
2.421875 103.856452
2.429688 103.869129
2.437500 103.881809
2.445312 103.894490
2.453125 103.907172
2.460938 103.919856
2.468750 103.932542
2.476562 103.945229
2.484375 103.957917
2.492188 103.970608
2.500000 103.983299
2.507812 103.995993
2.515625 104.008687
2.523438 104.021384
2.531250 104.034082
2.539062 104.046781
2.546875 104.059482
2.554688 104.072185
2.562500 104.084889
2.570312 104.097594
2.578125 104.110302
2.585938 104.123011
2.593750 104.135721
2.601562 104.148433
2.609375 104.161146
2.617188 104.173861
2.625000 104.186578
2.632812 104.199296
2.640625 104.212015
2.648438 104.224737
2.656250 104.237459
2.664062 104.250184
2.671875 104.262909
2.679688 104.275637
2.687500 104.288366
2.695312 104.301096
2.703125 104.313828
2.710938 104.326562
2.718750 104.339297
2.726562 104.352034
2.734375 104.364772
2.742188 104.377512
2.750000 104.390253
2.757812 104.402996
2.765625 104.415741
2.773438 104.428487
2.781250 104.441235
2.789062 104.453984
2.796875 104.466735
2.804688 104.479487
2.812500 104.492241
2.820312 104.504996
2.828125 104.517753
2.835938 104.530512
2.843750 104.543272
2.851562 104.556033
2.859375 104.568796
2.867188 104.581561
2.875000 104.594327
2.882812 104.607095
2.890625 104.619865
2.898438 104.632636
2.906250 104.645408
2.914062 104.658182
2.921875 104.670958
2.929688 104.683735
2.937500 104.696514
2.945312 104.709294
2.953125 104.722076
2.960938 104.734860
2.968750 104.747645
2.976562 104.760431
2.984375 104.773219
2.992188 104.786009
3.000000 104.798800
3.007812 104.811593
3.015625 104.824388
3.023438 104.837184
3.031250 104.849981
3.039062 104.862780
3.046875 104.875581
3.054688 104.888383
3.062500 104.901187
3.070312 104.913992
3.078125 104.926799
3.085938 104.939607
3.093750 104.952417
3.101562 104.965229
3.109375 104.978042
3.117188 104.990857
3.125000 105.003673
3.132812 105.016491
3.140625 105.029310
3.148438 105.042131
3.156250 105.054954
3.164062 105.067778
3.171875 105.080604
3.179688 105.093431
3.187500 105.106260
3.195312 105.119090
3.203125 105.131922
3.210938 105.144755
3.218750 105.157590
3.226562 105.170427
3.234375 105.183265
3.242188 105.196105
3.250000 105.208946
3.257812 105.221789
3.265625 105.234634
3.273438 105.247480
3.281250 105.260327
3.289062 105.273176
3.296875 105.286027
3.304688 105.298879
3.312500 105.311733
3.320312 105.324589
3.328125 105.337446
3.335938 105.350304
3.343750 105.363164
3.351562 105.376026
3.359375 105.388889
3.367188 105.401754
3.375000 105.414621
3.382812 105.427489
3.390625 105.440358
3.398438 105.453229
3.406250 105.466102
3.414062 105.478976
3.421875 105.491852
3.429688 105.504730
3.437500 105.517609
3.445312 105.530489
3.453125 105.543371
3.460938 105.556255
3.468750 105.569140
3.476562 105.582027
3.484375 105.594916
3.492188 105.607806
3.500000 105.620697
3.507812 105.633590
3.515625 105.646485
3.523438 105.659381
3.531250 105.672279
3.539062 105.685179
3.546875 105.698080
3.554688 105.710982
3.562500 105.723887
3.570312 105.736792
3.578125 105.749700
3.585938 105.762608
3.593750 105.775519
3.601562 105.788431
3.609375 105.801345
3.617188 105.814260
3.625000 105.827177
3.632812 105.840095
3.640625 105.853015
3.648438 105.865936
3.656250 105.878859
3.664062 105.891784
3.671875 105.904710
3.679688 105.917638
3.687500 105.930568
3.695312 105.943499
3.703125 105.956431
3.710938 105.969365
3.718750 105.982301
3.726562 105.995238
3.734375 106.008177
3.742188 106.021118
3.750000 106.034060
3.757812 106.047003
3.765625 106.059948
3.773438 106.072895
3.781250 106.085844
3.789062 106.098794
3.796875 106.111745
3.804688 106.124698
3.812500 106.137653
3.820312 106.150609
3.828125 106.163567
3.835938 106.176526
3.843750 106.189487
3.851562 106.202450
3.859375 106.215414
3.867188 106.228380
3.875000 106.241347
3.882812 106.254316
3.890625 106.267287
3.898438 106.280259
3.906250 106.293232
3.914062 106.306208
3.921875 106.319184
3.929688 106.332163
3.937500 106.345143
3.945312 106.358124
3.953125 106.371108
3.960938 106.384092
3.968750 106.397079
3.976562 106.410067
3.984375 106.423056
3.992188 106.436047
4.000000 106.449040
4.007812 106.462034
4.015625 106.475030
4.023438 106.488027
4.031250 106.501026
4.039062 106.514027
4.046875 106.527029
4.054688 106.540033
4.062500 106.553038
4.070312 106.566045
4.078125 106.579054
4.085938 106.592064
4.093750 106.605076
4.101562 106.618089
4.109375 106.631104
4.117188 106.644121
4.125000 106.657139
4.132812 106.670158
4.140625 106.683180
4.148438 106.696202
4.156250 106.709227
4.164062 106.722253
4.171875 106.735280
4.179688 106.748310
4.187500 106.761340
4.195312 106.774373
4.203125 106.787407
4.210938 106.800442
4.218750 106.813480
4.226562 106.826518
4.234375 106.839559
4.242188 106.852601
4.250000 106.865644
4.257812 106.878689
4.265625 106.891736
4.273438 106.904784
4.281250 106.917834
4.289062 106.930886
4.296875 106.943939
4.304688 106.956993
4.312500 106.970050
4.320312 106.983108
4.328125 106.996167
4.335938 107.009228
4.343750 107.022291
4.351562 107.035355
4.359375 107.048421
4.367188 107.061488
4.375000 107.074557
4.382812 107.087628
4.390625 107.100700
4.398438 107.113774
4.406250 107.126849
4.414062 107.139926
4.421875 107.153005
4.429688 107.166085
4.437500 107.179167
4.445312 107.192250
4.453125 107.205335
4.460938 107.218422
4.468750 107.231510
4.476562 107.244600
4.484375 107.257691
4.492188 107.270784
4.500000 107.283879
4.507812 107.296975
4.515625 107.310073
4.523438 107.323172
4.531250 107.336273
4.539062 107.349376
4.546875 107.362480
4.554688 107.375586
4.562500 107.388693
4.570312 107.401802
4.578125 107.414913
4.585938 107.428025
4.593750 107.441139
4.601562 107.454254
4.609375 107.467371
4.617188 107.480489
4.625000 107.493610
4.632812 107.506731
4.640625 107.519855
4.648438 107.532980
4.656250 107.546106
4.664062 107.559235
4.671875 107.572364
4.679688 107.585496
4.687500 107.598629
4.695312 107.611763
4.703125 107.624900
4.710938 107.638037
4.718750 107.651177
4.726562 107.664318
4.734375 107.677460
4.742188 107.690605
4.750000 107.703750
4.757812 107.716898
4.765625 107.730047
4.773438 107.743198
4.781250 107.756350
4.789062 107.769504
4.796875 107.782659
4.804688 107.795816
4.812500 107.808975
4.820312 107.822135
4.828125 107.835297
4.835938 107.848460
4.843750 107.861626
4.851562 107.874792
4.859375 107.887961
4.867188 107.901130
4.875000 107.914302
4.882812 107.927475
4.890625 107.940650
4.898438 107.953826
4.906250 107.967004
4.914062 107.980184
4.921875 107.993365
4.929688 108.006548
4.937500 108.019732
4.945312 108.032918
4.953125 108.046106
4.960938 108.059295
4.968750 108.072486
4.976562 108.085678
4.984375 108.098872
4.992188 108.112068
5.000000 108.125265
5.007812 108.138464
5.015625 108.151665
5.023438 108.164867
5.031250 108.178070
5.039062 108.191276
5.046875 108.204483
5.054688 108.217691
5.062500 108.230901
5.070312 108.244113
5.078125 108.257327
5.085938 108.270542
5.093750 108.283758
5.101562 108.296976
5.109375 108.310196
5.117188 108.323418
5.125000 108.336641
5.132812 108.349866
5.140625 108.363092
5.148438 108.376320
5.156250 108.389549
5.164062 108.402780
5.171875 108.416013
5.179688 108.429248
5.187500 108.442484
5.195312 108.455721
5.203125 108.468960
5.210938 108.482201
5.218750 108.495444
5.226562 108.508688
5.234375 108.521933
5.242188 108.535181
5.250000 108.548430
5.257812 108.561680
5.265625 108.574932
5.273438 108.588186
5.281250 108.601442
5.289062 108.614699
5.296875 108.627957
5.304688 108.641217
5.312500 108.654479
5.320312 108.667743
5.328125 108.681008
5.335938 108.694275
5.343750 108.707543
5.351562 108.720813
5.359375 108.734084
5.367188 108.747358
5.375000 108.760633
5.382812 108.773909
5.390625 108.787187
5.398438 108.800467
5.406250 108.813748
5.414062 108.827031
5.421875 108.840315
5.429688 108.853602
5.437500 108.866889
5.445312 108.880179
5.453125 108.893470
5.460938 108.906763
5.468750 108.920057
5.476562 108.933353
5.484375 108.946650
5.492188 108.959949
5.500000 108.973250
5.507812 108.986553
5.515625 108.999857
5.523438 109.013162
5.531250 109.026470
5.539062 109.039778
5.546875 109.053089
5.554688 109.066401
5.562500 109.079715
5.570312 109.093030
5.578125 109.106347
5.585938 109.119666
5.593750 109.132986
5.601562 109.146308
5.609375 109.159632
5.617188 109.172957
5.625000 109.186284
5.632812 109.199612
5.640625 109.212942
5.648438 109.226274
5.656250 109.239607
5.664062 109.252942
5.671875 109.266278
5.679688 109.279617
5.687500 109.292956
5.695312 109.306298
5.703125 109.319641
5.710938 109.332986
5.718750 109.346332
5.726562 109.359680
5.734375 109.373029
5.742188 109.386381
5.750000 109.399733
5.757812 109.413088
5.765625 109.426444
5.773438 109.439802
5.781250 109.453161
5.789062 109.466522
5.796875 109.479885
5.804688 109.493249
5.812500 109.506615
5.820312 109.519982
5.828125 109.533351
5.835938 109.546722
5.843750 109.560095
5.851562 109.573469
5.859375 109.586844
5.867188 109.600222
5.875000 109.613600
5.882812 109.626981
5.890625 109.640363
5.898438 109.653747
5.906250 109.667133
5.914062 109.680520
5.921875 109.693908
5.929688 109.707299
5.937500 109.720691
5.945312 109.734084
5.953125 109.747480
5.960938 109.760877
5.968750 109.774275
5.976562 109.787675
5.984375 109.801077
5.992188 109.814481
6.000000 109.827886
6.007812 109.841292
6.015625 109.854701
6.023438 109.868111
6.031250 109.881522
6.039062 109.894936
6.046875 109.908351
6.054688 109.921767
6.062500 109.935185
6.070312 109.948605
6.078125 109.962027
6.085938 109.975450
6.093750 109.988874
6.101562 110.002301
6.109375 110.015729
6.117188 110.029158
6.125000 110.042590
6.132812 110.056023
6.140625 110.069457
6.148438 110.082893
6.156250 110.096331
6.164062 110.109771
6.171875 110.123212
6.179688 110.136655
6.187500 110.150099
6.195312 110.163545
6.203125 110.176993
6.210938 110.190442
6.218750 110.203893
6.226562 110.217346
6.234375 110.230800
6.242188 110.244256
6.250000 110.257714
6.257812 110.271173
6.265625 110.284634
6.273438 110.298096
6.281250 110.311560
6.289062 110.325026
6.296875 110.338493
6.304688 110.351962
6.312500 110.365433
6.320312 110.378905
6.328125 110.392379
6.335938 110.405855
6.343750 110.419332
6.351562 110.432811
6.359375 110.446292
6.367188 110.459774
6.375000 110.473258
6.382812 110.486743
6.390625 110.500231
6.398438 110.513719
6.406250 110.527210
6.414062 110.540702
6.421875 110.554196
6.429688 110.567691
6.437500 110.581188
6.445312 110.594687
6.453125 110.608187
6.460938 110.621689
6.468750 110.635193
6.476562 110.648698
6.484375 110.662205
6.492188 110.675713
6.500000 110.689224
6.507812 110.702736
6.515625 110.716249
6.523438 110.729764
6.531250 110.743281
6.539062 110.756799
6.546875 110.770320
6.554688 110.783841
6.562500 110.797365
6.570312 110.810890
6.578125 110.824417
6.585938 110.837945
6.593750 110.851475
6.601562 110.865007
6.609375 110.878540
6.617188 110.892075
6.625000 110.905612
6.632812 110.919150
6.640625 110.932690
6.648438 110.946231
6.656250 110.959775
6.664062 110.973320
6.671875 110.986866
6.679688 111.000414
6.687500 111.013964
6.695312 111.027516
6.703125 111.041069
6.710938 111.054624
6.718750 111.068180
6.726562 111.081738
6.734375 111.095298
6.742188 111.108859
6.750000 111.122423
6.757812 111.135987
6.765625 111.149554
6.773438 111.163122
6.781250 111.176691
6.789062 111.190263
6.796875 111.203836
6.804688 111.217411
6.812500 111.230987
6.820312 111.244565
6.828125 111.258145
6.835938 111.271726
6.843750 111.285309
6.851562 111.298893
6.859375 111.312480
6.867188 111.326068
6.875000 111.339657
6.882812 111.353249
6.890625 111.366842
6.898438 111.380436
6.906250 111.394032
6.914062 111.407630
6.921875 111.421230
6.929688 111.434831
6.937500 111.448434
6.945312 111.462038
6.953125 111.475645
6.960938 111.489253
6.968750 111.502862
6.976562 111.516473
6.984375 111.530086
6.992188 111.543701
7.000000 111.557317
7.007812 111.570935
7.015625 111.584554
7.023438 111.598175
7.031250 111.611798
7.039062 111.625423
7.046875 111.639049
7.054688 111.652677
7.062500 111.666306
7.070312 111.679937
7.078125 111.693570
7.085938 111.707204
7.093750 111.720841
7.101562 111.734478
7.109375 111.748118
7.117188 111.761759
7.125000 111.775402
7.132812 111.789046
7.140625 111.802692
7.148438 111.816340
7.156250 111.829990
7.164062 111.843641
7.171875 111.857294
7.179688 111.870948
7.187500 111.884604
7.195312 111.898262
7.203125 111.911921
7.210938 111.925582
7.218750 111.939245
7.226562 111.952910
7.234375 111.966576
7.242188 111.980244
7.250000 111.993913
7.257812 112.007584
7.265625 112.021257
7.273438 112.034931
7.281250 112.048608
7.289062 112.062285
7.296875 112.075965
7.304688 112.089646
7.312500 112.103329
7.320312 112.117013
7.328125 112.130700
7.335938 112.144387
7.343750 112.158077
7.351562 112.171768
7.359375 112.185461
7.367188 112.199155
7.375000 112.212852
7.382812 112.226549
7.390625 112.240249
7.398438 112.253950
7.406250 112.267653
7.414062 112.281358
7.421875 112.295064
7.429688 112.308772
7.437500 112.322481
7.445312 112.336193
7.453125 112.349905
7.460938 112.363620
7.468750 112.377336
7.476562 112.391054
7.484375 112.404774
7.492188 112.418495
7.500000 112.432218
7.507812 112.445943
7.515625 112.459669
7.523438 112.473397
7.531250 112.487127
7.539062 112.500858
7.546875 112.514591
7.554688 112.528326
7.562500 112.542062
7.570312 112.555800
7.578125 112.569540
7.585938 112.583281
7.593750 112.597024
7.601562 112.610769
7.609375 112.624516
7.617188 112.638264
7.625000 112.652013
7.632812 112.665765
7.640625 112.679518
7.648438 112.693273
7.656250 112.707029
7.664062 112.720788
7.671875 112.734547
7.679688 112.748309
7.687500 112.762072
7.695312 112.775837
7.703125 112.789604
7.710938 112.803372
7.718750 112.817142
7.726562 112.830913
7.734375 112.844687
7.742188 112.858462
7.750000 112.872238
7.757812 112.886017
7.765625 112.899797
7.773438 112.913579
7.781250 112.927362
7.789062 112.941147
7.796875 112.954934
7.804688 112.968722
7.812500 112.982512
7.820312 112.996304
7.828125 113.010098
7.835938 113.023893
7.843750 113.037690
7.851562 113.051488
7.859375 113.065288
7.867188 113.079090
7.875000 113.092894
7.882812 113.106699
7.890625 113.120506
7.898438 113.134315
7.906250 113.148125
7.914062 113.161937
7.921875 113.175751
7.929688 113.189566
7.937500 113.203383
7.945312 113.217202
7.953125 113.231023
7.960938 113.244845
7.968750 113.258669
7.976562 113.272494
7.984375 113.286321
7.992188 113.300150
8.000000 113.313981
8.007812 113.327813
8.015625 113.341647
8.023438 113.355483
8.031250 113.369320
8.039062 113.383159
8.046875 113.397000
8.054688 113.410842
8.062500 113.424686
8.070312 113.438532
8.078125 113.452380
8.085938 113.466229
8.093750 113.480080
8.101562 113.493932
8.109375 113.507786
8.117188 113.521642
8.125000 113.535500
8.132812 113.549359
8.140625 113.563220
8.148438 113.577083
8.156250 113.590947
8.164062 113.604813
8.171875 113.618681
8.179688 113.632551
8.187500 113.646422
8.195312 113.660295
8.203125 113.674169
8.210938 113.688045
8.218750 113.701923
8.226562 113.715803
8.234375 113.729684
8.242188 113.743567
8.250000 113.757452
8.257812 113.771339
8.265625 113.785227
8.273438 113.799116
8.281250 113.813008
8.289062 113.826901
8.296875 113.840796
8.304688 113.854693
8.312500 113.868591
8.320312 113.882491
8.328125 113.896393
8.335938 113.910296
8.343750 113.924201
8.351562 113.938108
8.359375 113.952016
8.367188 113.965926
8.375000 113.979838
8.382812 113.993752
8.390625 114.007667
8.398438 114.021584
8.406250 114.035503
8.414062 114.049423
8.421875 114.063345
8.429688 114.077269
8.437500 114.091194
8.445312 114.105121
8.453125 114.119050
8.460938 114.132981
8.468750 114.146913
8.476562 114.160847
8.484375 114.174783
8.492188 114.188720
8.500000 114.202659
8.507812 114.216600
8.515625 114.230542
8.523438 114.244486
8.531250 114.258432
8.539062 114.272380
8.546875 114.286329
8.554688 114.300280
8.562500 114.314233
8.570312 114.328187
8.578125 114.342143
8.585938 114.356101
8.593750 114.370060
8.601562 114.384022
8.609375 114.397984
8.617188 114.411949
8.625000 114.425915
8.632812 114.439883
8.640625 114.453853
8.648438 114.467825
8.656250 114.481798
8.664062 114.495772
8.671875 114.509749
8.679688 114.523727
8.687500 114.537707
8.695312 114.551689
8.703125 114.565672
8.710938 114.579657
8.718750 114.593644
8.726562 114.607633
8.734375 114.621623
8.742188 114.635615
8.750000 114.649608
8.757812 114.663604
8.765625 114.677601
8.773438 114.691599
8.781250 114.705600
8.789062 114.719602
8.796875 114.733606
8.804688 114.747611
8.812500 114.761619
8.820312 114.775628
8.828125 114.789638
8.835938 114.803651
8.843750 114.817665
8.851562 114.831681
8.859375 114.845698
8.867188 114.859717
8.875000 114.873738
8.882812 114.887761
8.890625 114.901785
8.898438 114.915812
8.906250 114.929839
8.914062 114.943869
8.921875 114.957900
8.929688 114.971933
8.937500 114.985968
8.945312 115.000004
8.953125 115.014042
8.960938 115.028082
8.968750 115.042123
8.976562 115.056167
8.984375 115.070212
8.992188 115.084258
9.000000 115.098307
9.007812 115.112357
9.015625 115.126409
9.023438 115.140462
9.031250 115.154517
9.039062 115.168574
9.046875 115.182633
9.054688 115.196693
9.062500 115.210755
9.070312 115.224819
9.078125 115.238885
9.085938 115.252952
9.093750 115.267021
9.101562 115.281092
9.109375 115.295164
9.117188 115.309238
9.125000 115.323314
9.132812 115.337392
9.140625 115.351471
9.148438 115.365552
9.156250 115.379634
9.164062 115.393719
9.171875 115.407805
9.179688 115.421893
9.187500 115.435983
9.195312 115.450074
9.203125 115.464167
9.210938 115.478262
9.218750 115.492358
9.226562 115.506456
9.234375 115.520556
9.242188 115.534658
9.250000 115.548761
9.257812 115.562866
9.265625 115.576973
9.273438 115.591082
9.281250 115.605192
9.289062 115.619304
9.296875 115.633417
9.304688 115.647533
9.312500 115.661650
9.320312 115.675769
9.328125 115.689889
9.335938 115.704012
9.343750 115.718136
9.351562 115.732261
9.359375 115.746389
9.367188 115.760518
9.375000 115.774649
9.382812 115.788782
9.390625 115.802916
9.398438 115.817052
9.406250 115.831190
9.414062 115.845330
9.421875 115.859471
9.429688 115.873614
9.437500 115.887759
9.445312 115.901905
9.453125 115.916053
9.460938 115.930203
9.468750 115.944355
9.476562 115.958508
9.484375 115.972663
9.492188 115.986820
9.500000 116.000979
9.507812 116.015139
9.515625 116.029301
9.523438 116.043465
9.531250 116.057630
9.539062 116.071797
9.546875 116.085966
9.554688 116.100137
9.562500 116.114309
9.570312 116.128483
9.578125 116.142659
9.585938 116.156837
9.593750 116.171016
9.601562 116.185197
9.609375 116.199380
9.617188 116.213564
9.625000 116.227751
9.632812 116.241938
9.640625 116.256128
9.648438 116.270320
9.656250 116.284513
9.664062 116.298708
9.671875 116.312904
9.679688 116.327103
9.687500 116.341303
9.695312 116.355504
9.703125 116.369708
9.710938 116.383913
9.718750 116.398120
9.726562 116.412329
9.734375 116.426540
9.742188 116.440752
9.750000 116.454966
9.757812 116.469181
9.765625 116.483399
9.773438 116.497618
9.781250 116.511839
9.789062 116.526062
9.796875 116.540286
9.804688 116.554512
9.812500 116.568740
9.820312 116.582970
9.828125 116.597201
9.835938 116.611434
9.843750 116.625669
9.851562 116.639905
9.859375 116.654143
9.867188 116.668383
9.875000 116.682625
9.882812 116.696869
9.890625 116.711114
9.898438 116.725361
9.906250 116.739610
9.914062 116.753860
9.921875 116.768112
9.929688 116.782366
9.937500 116.796622
9.945312 116.810879
9.953125 116.825138
9.960938 116.839399
9.968750 116.853662
9.976562 116.867926
9.984375 116.882192
9.992188 116.896460
10.000000 116.910730
10.007812 116.925001
10.015625 116.939274
10.023438 116.953549
10.031250 116.967826
10.039062 116.982104
10.046875 116.996384
10.054688 117.010666
10.062500 117.024949
10.070312 117.039234
10.078125 117.053521
10.085938 117.067810
10.093750 117.082101
10.101562 117.096393
10.109375 117.110687
10.117188 117.124983
10.125000 117.139280
10.132812 117.153579
10.140625 117.167880
10.148438 117.182183
10.156250 117.196488
10.164062 117.210794
10.171875 117.225102
10.179688 117.239411
10.187500 117.253723
10.195312 117.268036
10.203125 117.282351
10.210938 117.296668
10.218750 117.310986
10.226562 117.325306
10.234375 117.339628
10.242188 117.353952
10.250000 117.368277
10.257812 117.382605
10.265625 117.396934
10.273438 117.411264
10.281250 117.425597
10.289062 117.439931
10.296875 117.454267
10.304688 117.468604
10.312500 117.482944
10.320312 117.497285
10.328125 117.511628
10.335938 117.525973
10.343750 117.540319
10.351562 117.554667
10.359375 117.569017
10.367188 117.583369
10.375000 117.597722
10.382812 117.612078
10.390625 117.626434
10.398438 117.640793
10.406250 117.655154
10.414062 117.669516
10.421875 117.683880
10.429688 117.698245
10.437500 117.712613
10.445312 117.726982
10.453125 117.741353
10.460938 117.755726
10.468750 117.770100
10.476562 117.784477
10.484375 117.798855
10.492188 117.813234
10.500000 117.827616
10.507812 117.841999
10.515625 117.856384
10.523438 117.870771
10.531250 117.885159
10.539062 117.899550
10.546875 117.913942
10.554688 117.928335
10.562500 117.942731
10.570312 117.957128
10.578125 117.971527
10.585938 117.985928
10.593750 118.000331
10.601562 118.014735
10.609375 118.029141
10.617188 118.043549
10.625000 118.057959
10.632812 118.072370
10.640625 118.086783
10.648438 118.101198
10.656250 118.115615
10.664062 118.130033
10.671875 118.144453
10.679688 118.158875
10.687500 118.173299
10.695312 118.187724
10.703125 118.202152
10.710938 118.216581
10.718750 118.231011
10.726562 118.245444
10.734375 118.259878
10.742188 118.274314
10.750000 118.288752
10.757812 118.303191
10.765625 118.317633
10.773438 118.332076
10.781250 118.346521
10.789062 118.360967
10.796875 118.375416
10.804688 118.389866
10.812500 118.404318
10.820312 118.418771
10.828125 118.433227
10.835938 118.447684
10.843750 118.462143
10.851562 118.476603
10.859375 118.491066
10.867188 118.505530
10.875000 118.519996
10.882812 118.534464
10.890625 118.548934
10.898438 118.563405
10.906250 118.577878
10.914062 118.592353
10.921875 118.606829
10.929688 118.621308
10.937500 118.635788
10.945312 118.650270
10.953125 118.664753
10.960938 118.679239
10.968750 118.693726
10.976562 118.708215
10.984375 118.722706
10.992188 118.737198
11.000000 118.751693
11.007812 118.766189
11.015625 118.780686
11.023438 118.795186
11.031250 118.809687
11.039062 118.824191
11.046875 118.838696
11.054688 118.853202
11.062500 118.867711
11.070312 118.882221
11.078125 118.896733
11.085938 118.911247
11.093750 118.925762
11.101562 118.940279
11.109375 118.954799
11.117188 118.969319
11.125000 118.983842
11.132812 118.998366
11.140625 119.012893
11.148438 119.027420
11.156250 119.041950
11.164062 119.056482
11.171875 119.071015
11.179688 119.085550
11.187500 119.100087
11.195312 119.114625
11.203125 119.129166
11.210938 119.143708
11.218750 119.158252
11.226562 119.172797
11.234375 119.187345
11.242188 119.201894
11.250000 119.216445
11.257812 119.230998
11.265625 119.245553
11.273438 119.260109
11.281250 119.274667
11.289062 119.289227
11.296875 119.303789
11.304688 119.318352
11.312500 119.332917
11.320312 119.347484
11.328125 119.362053
11.335938 119.376624
11.343750 119.391196
11.351562 119.405770
11.359375 119.420346
11.367188 119.434924
11.375000 119.449503
11.382812 119.464084
11.390625 119.478667
11.398438 119.493252
11.406250 119.507839
11.414062 119.522427
11.421875 119.537017
11.429688 119.551609
11.437500 119.566203
11.445312 119.580798
11.453125 119.595396
11.460938 119.609995
11.468750 119.624595
11.476562 119.639198
11.484375 119.653802
11.492188 119.668409
11.500000 119.683017
11.507812 119.697626
11.515625 119.712238
11.523438 119.726851
11.531250 119.741466
11.539062 119.756083
11.546875 119.770702
11.554688 119.785322
11.562500 119.799945
11.570312 119.814569
11.578125 119.829194
11.585938 119.843822
11.593750 119.858451
11.601562 119.873082
11.609375 119.887715
11.617188 119.902350
11.625000 119.916987
11.632812 119.931625
11.640625 119.946265
11.648438 119.960907
11.656250 119.975551
11.664062 119.990196
11.671875 120.004843
11.679688 120.019492
11.687500 120.034143
11.695312 120.048796
11.703125 120.063450
11.710938 120.078106
11.718750 120.092764
11.726562 120.107424
11.734375 120.122086
11.742188 120.136749
11.750000 120.151414
11.757812 120.166081
11.765625 120.180750
11.773438 120.195420
11.781250 120.210092
11.789062 120.224767
11.796875 120.239442
11.804688 120.254120
11.812500 120.268800
11.820312 120.283481
11.828125 120.298164
11.835938 120.312849
11.843750 120.327535
11.851562 120.342224
11.859375 120.356914
11.867188 120.371606
11.875000 120.386300
11.882812 120.400995
11.890625 120.415693
11.898438 120.430392
11.906250 120.445093
11.914062 120.459796
11.921875 120.474500
11.929688 120.489207
11.937500 120.503915
11.945312 120.518625
11.953125 120.533336
11.960938 120.548050
11.968750 120.562765
11.976562 120.577482
11.984375 120.592201
11.992188 120.606922
12.000000 120.621645
12.007812 120.636369
12.015625 120.651095
12.023438 120.665823
12.031250 120.680553
12.039062 120.695284
12.046875 120.710018
12.054688 120.724753
12.062500 120.739490
12.070312 120.754228
12.078125 120.768969
12.085938 120.783711
12.093750 120.798455
12.101562 120.813201
12.109375 120.827949
12.117188 120.842698
12.125000 120.857450
12.132812 120.872203
12.140625 120.886958
12.148438 120.901714
12.156250 120.916473
12.164062 120.931233
12.171875 120.945995
12.179688 120.960759
12.187500 120.975525
12.195312 120.990292
12.203125 121.005062
12.210938 121.019833
12.218750 121.034606
12.226562 121.049381
12.234375 121.064157
12.242188 121.078935
12.250000 121.093716
12.257812 121.108497
12.265625 121.123281
12.273438 121.138067
12.281250 121.152854
12.289062 121.167643
12.296875 121.182434
12.304688 121.197227
12.312500 121.212022
12.320312 121.226818
12.328125 121.241616
12.335938 121.256416
12.343750 121.271218
12.351562 121.286022
12.359375 121.300827
12.367188 121.315634
12.375000 121.330443
12.382812 121.345254
12.390625 121.360067
12.398438 121.374881
12.406250 121.389698
12.414062 121.404516
12.421875 121.419336
12.429688 121.434157
12.437500 121.448981
12.445312 121.463806
12.453125 121.478633
12.460938 121.493462
12.468750 121.508293
12.476562 121.523125
12.484375 121.537960
12.492188 121.552796
12.500000 121.567634
12.507812 121.582474
12.515625 121.597315
12.523438 121.612159
12.531250 121.627004
12.539062 121.641851
12.546875 121.656700
12.554688 121.671551
12.562500 121.686403
12.570312 121.701257
12.578125 121.716113
12.585938 121.730971
12.593750 121.745831
12.601562 121.760693
12.609375 121.775556
12.617188 121.790421
12.625000 121.805288
12.632812 121.820157
12.640625 121.835028
12.648438 121.849900
12.656250 121.864774
12.664062 121.879650
12.671875 121.894528
12.679688 121.909408
12.687500 121.924290
12.695312 121.939173
12.703125 121.954058
12.710938 121.968945
12.718750 121.983834
12.726562 121.998724
12.734375 122.013617
12.742188 122.028511
12.750000 122.043407
12.757812 122.058305
12.765625 122.073205
12.773438 122.088106
12.781250 122.103010
12.789062 122.117915
12.796875 122.132822
12.804688 122.147730
12.812500 122.162641
12.820312 122.177554
12.828125 122.192468
12.835938 122.207384
12.843750 122.222302
12.851562 122.237221
12.859375 122.252143
12.867188 122.267066
12.875000 122.281992
12.882812 122.296919
12.890625 122.311847
12.898438 122.326778
12.906250 122.341710
12.914062 122.356645
12.921875 122.371581
12.929688 122.386519
12.937500 122.401459
12.945312 122.416400
12.953125 122.431344
12.960938 122.446289
12.968750 122.461236
12.976562 122.476185
12.984375 122.491135
12.992188 122.506088
13.000000 122.521042
13.007812 122.535998
13.015625 122.550957
13.023438 122.565916
13.031250 122.580878
13.039062 122.595841
13.046875 122.610807
13.054688 122.625774
13.062500 122.640743
13.070312 122.655714
13.078125 122.670686
13.085938 122.685661
13.093750 122.700637
13.101562 122.715615
13.109375 122.730595
13.117188 122.745577
13.125000 122.760560
13.132812 122.775546
13.140625 122.790533
13.148438 122.805522
13.156250 122.820513
13.164062 122.835506
13.171875 122.850500
13.179688 122.865497
13.187500 122.880495
13.195312 122.895495
13.203125 122.910497
13.210938 122.925501
13.218750 122.940506
13.226562 122.955514
13.234375 122.970523
13.242188 122.985534
13.250000 123.000547
13.257812 123.015562
13.265625 123.030578
13.273438 123.045596
13.281250 123.060617
13.289062 123.075639
13.296875 123.090663
13.304688 123.105688
13.312500 123.120716
13.320312 123.135745
13.328125 123.150776
13.335938 123.165810
13.343750 123.180844
13.351562 123.195881
13.359375 123.210920
13.367188 123.225960
13.375000 123.241002
13.382812 123.256046
13.390625 123.271092
13.398438 123.286140
13.406250 123.301190
13.414062 123.316241
13.421875 123.331294
13.429688 123.346349
13.437500 123.361406
13.445312 123.376465
13.453125 123.391526
13.460938 123.406588
13.468750 123.421652
13.476562 123.436718
13.484375 123.451786
13.492188 123.466856
13.500000 123.481928
13.507812 123.497001
13.515625 123.512077
13.523438 123.527154
13.531250 123.542233
13.539062 123.557314
13.546875 123.572396
13.554688 123.587481
13.562500 123.602567
13.570312 123.617655
13.578125 123.632745
13.585938 123.647837
13.593750 123.662931
13.601562 123.678027
13.609375 123.693124
13.617188 123.708223
13.625000 123.723324
13.632812 123.738427
13.640625 123.753532
13.648438 123.768639
13.656250 123.783747
13.664062 123.798858
13.671875 123.813970
13.679688 123.829084
13.687500 123.844200
13.695312 123.859317
13.703125 123.874437
13.710938 123.889558
13.718750 123.904682
13.726562 123.919807
13.734375 123.934934
13.742188 123.950062
13.750000 123.965193
13.757812 123.980325
13.765625 123.995460
13.773438 124.010596
13.781250 124.025734
13.789062 124.040874
13.796875 124.056015
13.804688 124.071159
13.812500 124.086304
13.820312 124.101452
13.828125 124.116601
13.835938 124.131752
13.843750 124.146905
13.851562 124.162059
13.859375 124.177216
13.867188 124.192374
13.875000 124.207534
13.882812 124.222696
13.890625 124.237860
13.898438 124.253026
13.906250 124.268194
13.914062 124.283363
13.921875 124.298534
13.929688 124.313707
13.937500 124.328882
13.945312 124.344059
13.953125 124.359238
13.960938 124.374419
13.968750 124.389601
13.976562 124.404785
13.984375 124.419971
13.992188 124.435159
14.000000 124.450349
14.007812 124.465541
14.015625 124.480735
14.023438 124.495930
14.031250 124.511127
14.039062 124.526326
14.046875 124.541527
14.054688 124.556730
14.062500 124.571935
14.070312 124.587141
14.078125 124.602350
14.085938 124.617560
14.093750 124.632772
14.101562 124.647986
14.109375 124.663202
14.117188 124.678420
14.125000 124.693639
14.132812 124.708860
14.140625 124.724084
14.148438 124.739309
14.156250 124.754536
14.164062 124.769765
14.171875 124.784995
14.179688 124.800228
14.187500 124.815462
14.195312 124.830698
14.203125 124.845937
14.210938 124.861177
14.218750 124.876418
14.226562 124.891662
14.234375 124.906908
14.242188 124.922155
14.250000 124.937404
14.257812 124.952656
14.265625 124.967909
14.273438 124.983163
14.281250 124.998420
14.289062 125.013679
14.296875 125.028939
14.304688 125.044202
14.312500 125.059466
14.320312 125.074732
14.328125 125.090000
14.335938 125.105269
14.343750 125.120541
14.351562 125.135815
14.359375 125.151090
14.367188 125.166367
14.375000 125.181646
14.382812 125.196927
14.390625 125.212210
14.398438 125.227495
14.406250 125.242781
14.414062 125.258070
14.421875 125.273360
14.429688 125.288652
14.437500 125.303946
14.445312 125.319242
14.453125 125.334540
14.460938 125.349840
14.468750 125.365141
14.476562 125.380444
14.484375 125.395750
14.492188 125.411057
14.500000 125.426366
14.507812 125.441677
14.515625 125.456989
14.523438 125.472304
14.531250 125.487620
14.539062 125.502939
14.546875 125.518259
14.554688 125.533581
14.562500 125.548905
14.570312 125.564231
14.578125 125.579558
14.585938 125.594888
14.593750 125.610219
14.601562 125.625552
14.609375 125.640888
14.617188 125.656225
14.625000 125.671563
14.632812 125.686904
14.640625 125.702247
14.648438 125.717591
14.656250 125.732938
14.664062 125.748286
14.671875 125.763636
14.679688 125.778988
14.687500 125.794342
14.695312 125.809698
14.703125 125.825055
14.710938 125.840415
14.718750 125.855776
14.726562 125.871140
14.734375 125.886505
14.742188 125.901872
14.750000 125.917241
14.757812 125.932611
14.765625 125.947984
14.773438 125.963358
14.781250 125.978735
14.789062 125.994113
14.796875 126.009493
14.804688 126.024875
14.812500 126.040259
14.820312 126.055645
14.828125 126.071033
14.835938 126.086422
14.843750 126.101814
14.851562 126.117207
14.859375 126.132602
14.867188 126.147999
14.875000 126.163398
14.882812 126.178799
14.890625 126.194201
14.898438 126.209606
14.906250 126.225012
14.914062 126.240421
14.921875 126.255831
14.929688 126.271243
14.937500 126.286657
14.945312 126.302073
14.953125 126.317491
14.960938 126.332910
14.968750 126.348332
14.976562 126.363755
14.984375 126.379180
14.992188 126.394608
15.000000 126.410037
15.007812 126.425468
15.015625 126.440900
15.023438 126.456335
15.031250 126.471772
15.039062 126.487210
15.046875 126.502650
15.054688 126.518093
15.062500 126.533537
15.070312 126.548983
15.078125 126.564431
15.085938 126.579880
15.093750 126.595332
15.101562 126.610785
15.109375 126.626241
15.117188 126.641698
15.125000 126.657157
15.132812 126.672618
15.140625 126.688081
15.148438 126.703546
15.156250 126.719013
15.164062 126.734482
15.171875 126.749952
15.179688 126.765425
15.187500 126.780899
15.195312 126.796375
15.203125 126.811853
15.210938 126.827333
15.218750 126.842815
15.226562 126.858299
15.234375 126.873784
15.242188 126.889272
15.250000 126.904761
15.257812 126.920253
15.265625 126.935746
15.273438 126.951241
15.281250 126.966738
15.289062 126.982237
15.296875 126.997737
15.304688 127.013240
15.312500 127.028745
15.320312 127.044251
15.328125 127.059759
15.335938 127.075270
15.343750 127.090782
15.351562 127.106296
15.359375 127.121812
15.367188 127.137329
15.375000 127.152849
15.382812 127.168371
15.390625 127.183894
15.398438 127.199420
15.406250 127.214947
15.414062 127.230476
15.421875 127.246007
15.429688 127.261540
15.437500 127.277075
15.445312 127.292612
15.453125 127.308150
15.460938 127.323691
15.468750 127.339233
15.476562 127.354778
15.484375 127.370324
15.492188 127.385872
15.500000 127.401422
15.507812 127.416974
15.515625 127.432528
15.523438 127.448084
15.531250 127.463641
15.539062 127.479201
15.546875 127.494762
15.554688 127.510325
15.562500 127.525891
15.570312 127.541458
15.578125 127.557027
15.585938 127.572598
15.593750 127.588171
15.601562 127.603745
15.609375 127.619322
15.617188 127.634900
15.625000 127.650481
15.632812 127.666063
15.640625 127.681647
15.648438 127.697234
15.656250 127.712822
15.664062 127.728412
15.671875 127.744003
15.679688 127.759597
15.687500 127.775193
15.695312 127.790790
15.703125 127.806390
15.710938 127.821991
15.718750 127.837595
15.726562 127.853200
15.734375 127.868807
15.742188 127.884416
15.750000 127.900027
15.757812 127.915639
15.765625 127.931254
15.773438 127.946871
15.781250 127.962489
15.789062 127.978110
15.796875 127.993732
15.804688 128.009356
15.812500 128.024982
15.820312 128.040610
15.828125 128.056240
15.835938 128.071872
15.843750 128.087506
15.851562 128.103142
15.859375 128.118779
15.867188 128.134419
15.875000 128.150060
15.882812 128.165704
15.890625 128.181349
15.898438 128.196996
15.906250 128.212645
15.914062 128.228296
15.921875 128.243949
15.929688 128.259604
15.937500 128.275260
15.945312 128.290919
15.953125 128.306579
15.960938 128.322242
15.968750 128.337906
15.976562 128.353572
15.984375 128.369241
15.992188 128.384911
16.000000 128.400583
16.007812 128.416256
16.015625 128.431932
16.023438 128.447610
16.031250 128.463290
16.039062 128.478971
16.046875 128.494655
16.054688 128.510340
16.062500 128.526027
16.070312 128.541717
16.078125 128.557408
16.085938 128.573101
16.093750 128.588796
16.101562 128.604493
16.109375 128.620191
16.117188 128.635892
16.125000 128.651595
16.132812 128.667299
16.140625 128.683006
16.148438 128.698714
16.156250 128.714424
16.164062 128.730137
16.171875 128.745851
16.179688 128.761567
16.187500 128.777285
16.195312 128.793005
16.203125 128.808726
16.210938 128.824450
16.218750 128.840176
16.226562 128.855903
16.234375 128.871633
16.242188 128.887364
16.250000 128.903098
16.257812 128.918833
16.265625 128.934570
16.273438 128.950309
16.281250 128.966050
16.289062 128.981793
16.296875 128.997538
16.304688 129.013285
16.312500 129.029033
16.320312 129.044784
16.328125 129.060536
16.335938 129.076291
16.343750 129.092047
16.351562 129.107806
16.359375 129.123566
16.367188 129.139328
16.375000 129.155092
16.382812 129.170858
16.390625 129.186626
16.398438 129.202396
16.406250 129.218168
16.414062 129.233941
16.421875 129.249717
16.429688 129.265494
16.437500 129.281274
16.445312 129.297055
16.453125 129.312839
16.460938 129.328624
16.468750 129.344411
16.476562 129.360200
16.484375 129.375991
16.492188 129.391784
16.500000 129.407579
16.507812 129.423376
16.515625 129.439175
16.523438 129.454975
16.531250 129.470778
16.539062 129.486583
16.546875 129.502389
16.554688 129.518197
16.562500 129.534008
16.570312 129.549820
16.578125 129.565634
16.585938 129.581450
16.593750 129.597268
16.601562 129.613088
16.609375 129.628910
16.617188 129.644734
16.625000 129.660560
16.632812 129.676388
16.640625 129.692217
16.648438 129.708049
16.656250 129.723882
16.664062 129.739718
16.671875 129.755555
16.679688 129.771394
16.687500 129.787236
16.695312 129.803079
16.703125 129.818924
16.710938 129.834771
16.718750 129.850620
16.726562 129.866471
16.734375 129.882324
16.742188 129.898178
16.750000 129.914035
16.757812 129.929894
16.765625 129.945754
16.773438 129.961617
16.781250 129.977481
16.789062 129.993348
16.796875 130.009216
16.804688 130.025086
16.812500 130.040958
16.820312 130.056833
16.828125 130.072709
16.835938 130.088587
16.843750 130.104467
16.851562 130.120349
16.859375 130.136232
16.867188 130.152118
16.875000 130.168006
16.882812 130.183896
16.890625 130.199787
16.898438 130.215681
16.906250 130.231576
16.914062 130.247474
16.921875 130.263373
16.929688 130.279274
16.937500 130.295177
16.945312 130.311083
16.953125 130.326990
16.960938 130.342899
16.968750 130.358810
16.976562 130.374723
16.984375 130.390638
16.992188 130.406554
17.000000 130.422473
17.007812 130.438394
17.015625 130.454317
17.023438 130.470241
17.031250 130.486168
17.039062 130.502096
17.046875 130.518027
17.054688 130.533959
17.062500 130.549893
17.070312 130.565830
17.078125 130.581768
17.085938 130.597708
17.093750 130.613650
17.101562 130.629594
17.109375 130.645540
17.117188 130.661488
17.125000 130.677438
17.132812 130.693390
17.140625 130.709344
17.148438 130.725299
17.156250 130.741257
17.164062 130.757217
17.171875 130.773178
17.179688 130.789142
17.187500 130.805107
17.195312 130.821075
17.203125 130.837044
17.210938 130.853015
17.218750 130.868989
17.226562 130.884964
17.234375 130.900941
17.242188 130.916920
17.250000 130.932901
17.257812 130.948884
17.265625 130.964869
17.273438 130.980856
17.281250 130.996845
17.289062 131.012836
17.296875 131.028828
17.304688 131.044823
17.312500 131.060820
17.320312 131.076819
17.328125 131.092819
17.335938 131.108822
17.343750 131.124826
17.351562 131.140833
17.359375 131.156841
17.367188 131.172851
17.375000 131.188864
17.382812 131.204878
17.390625 131.220894
17.398438 131.236912
17.406250 131.252932
17.414062 131.268955
17.421875 131.284979
17.429688 131.301005
17.437500 131.317033
17.445312 131.333062
17.453125 131.349094
17.460938 131.365128
17.468750 131.381164
17.476562 131.397202
17.484375 131.413241
17.492188 131.429283
17.500000 131.445327
17.507812 131.461372
17.515625 131.477420
17.523438 131.493469
17.531250 131.509521
17.539062 131.525574
17.546875 131.541629
17.554688 131.557687
17.562500 131.573746
17.570312 131.589807
17.578125 131.605871
17.585938 131.621936
17.593750 131.638003
17.601562 131.654072
17.609375 131.670143
17.617188 131.686216
17.625000 131.702291
17.632812 131.718368
17.640625 131.734447
17.648438 131.750528
17.656250 131.766610
17.664062 131.782695
17.671875 131.798782
17.679688 131.814871
17.687500 131.830961
17.695312 131.847054
17.703125 131.863149
17.710938 131.879245
17.718750 131.895344
17.726562 131.911444
17.734375 131.927547
17.742188 131.943651
17.750000 131.959758
17.757812 131.975866
17.765625 131.991976
17.773438 132.008089
17.781250 132.024203
17.789062 132.040319
17.796875 132.056437
17.804688 132.072558
17.812500 132.088680
17.820312 132.104804
17.828125 132.120930
17.835938 132.137058
17.843750 132.153188
17.851562 132.169320
17.859375 132.185454
17.867188 132.201590
17.875000 132.217728
17.882812 132.233867
17.890625 132.250009
17.898438 132.266153
17.906250 132.282299
17.914062 132.298447
17.921875 132.314596
17.929688 132.330748
17.937500 132.346902
17.945312 132.363057
17.953125 132.379215
17.960938 132.395374
17.968750 132.411536
17.976562 132.427700
17.984375 132.443865
17.992188 132.460032
18.000000 132.476202
18.007812 132.492373
18.015625 132.508547
18.023438 132.524722
18.031250 132.540899
18.039062 132.557079
18.046875 132.573260
18.054688 132.589443
18.062500 132.605629
18.070312 132.621816
18.078125 132.638005
18.085938 132.654196
18.093750 132.670389
18.101562 132.686584
18.109375 132.702781
18.117188 132.718980
18.125000 132.735182
18.132812 132.751385
18.140625 132.767590
18.148438 132.783797
18.156250 132.800006
18.164062 132.816216
18.171875 132.832429
18.179688 132.848644
18.187500 132.864861
18.195312 132.881080
18.203125 132.897301
18.210938 132.913524
18.218750 132.929748
18.226562 132.945975
18.234375 132.962204
18.242188 132.978435
18.250000 132.994667
18.257812 133.010902
18.265625 133.027139
18.273438 133.043377
18.281250 133.059618
18.289062 133.075861
18.296875 133.092105
18.304688 133.108352
18.312500 133.124601
18.320312 133.140851
18.328125 133.157104
18.335938 133.173358
18.343750 133.189615
18.351562 133.205873
18.359375 133.222134
18.367188 133.238396
18.375000 133.254661
18.382812 133.270927
18.390625 133.287195
18.398438 133.303466
18.406250 133.319738
18.414062 133.336013
18.421875 133.352289
18.429688 133.368567
18.437500 133.384848
18.445312 133.401130
18.453125 133.417414
18.460938 133.433701
18.468750 133.449989
18.476562 133.466279
18.484375 133.482571
18.492188 133.498866
18.500000 133.515162
18.507812 133.531460
18.515625 133.547760
18.523438 133.564063
18.531250 133.580367
18.539062 133.596673
18.546875 133.612981
18.554688 133.629291
18.562500 133.645604
18.570312 133.661918
18.578125 133.678234
18.585938 133.694552
18.593750 133.710872
18.601562 133.727194
18.609375 133.743518
18.617188 133.759845
18.625000 133.776173
18.632812 133.792503
18.640625 133.808835
18.648438 133.825169
18.656250 133.841505
18.664062 133.857843
18.671875 133.874183
18.679688 133.890525
18.687500 133.906869
18.695312 133.923215
18.703125 133.939563
18.710938 133.955913
18.718750 133.972265
18.726562 133.988620
18.734375 134.004976
18.742188 134.021334
18.750000 134.037694
18.757812 134.054056
18.765625 134.070420
18.773438 134.086786
18.781250 134.103154
18.789062 134.119524
18.796875 134.135896
18.804688 134.152270
18.812500 134.168646
18.820312 134.185024
18.828125 134.201404
18.835938 134.217786
18.843750 134.234170
18.851562 134.250556
18.859375 134.266944
18.867188 134.283334
18.875000 134.299726
18.882812 134.316120
18.890625 134.332516
18.898438 134.348914
18.906250 134.365314
18.914062 134.381716
18.921875 134.398120
18.929688 134.414526
18.937500 134.430934
18.945312 134.447344
18.953125 134.463756
18.960938 134.480170
18.968750 134.496586
18.976562 134.513004
18.984375 134.529424
18.992188 134.545846
19.000000 134.562270
19.007812 134.578696
19.015625 134.595124
19.023438 134.611554
19.031250 134.627987
19.039062 134.644421
19.046875 134.660857
19.054688 134.677295
19.062500 134.693735
19.070312 134.710177
19.078125 134.726621
19.085938 134.743067
19.093750 134.759515
19.101562 134.775965
19.109375 134.792418
19.117188 134.808872
19.125000 134.825328
19.132812 134.841786
19.140625 134.858246
19.148438 134.874708
19.156250 134.891173
19.164062 134.907639
19.171875 134.924107
19.179688 134.940577
19.187500 134.957050
19.195312 134.973524
19.203125 134.990000
19.210938 135.006478
19.218750 135.022959
19.226562 135.039441
19.234375 135.055925
19.242188 135.072412
19.250000 135.088900
19.257812 135.105390
19.265625 135.121883
19.273438 135.138377
19.281250 135.154873
19.289062 135.171372
19.296875 135.187872
19.304688 135.204375
19.312500 135.220879
19.320312 135.237385
19.328125 135.253894
19.335938 135.270404
19.343750 135.286917
19.351562 135.303431
19.359375 135.319948
19.367188 135.336467
19.375000 135.352987
19.382812 135.369510
19.390625 135.386034
19.398438 135.402561
19.406250 135.419089
19.414062 135.435620
19.421875 135.452153
19.429688 135.468688
19.437500 135.485224
19.445312 135.501763
19.453125 135.518304
19.460938 135.534846
19.468750 135.551391
19.476562 135.567938
19.484375 135.584487
19.492188 135.601038
19.500000 135.617591
19.507812 135.634145
19.515625 135.650702
19.523438 135.667261
19.531250 135.683822
19.539062 135.700385
19.546875 135.716950
19.554688 135.733517
19.562500 135.750086
19.570312 135.766657
19.578125 135.783230
19.585938 135.799805
19.593750 135.816383
19.601562 135.832962
19.609375 135.849543
19.617188 135.866126
19.625000 135.882711
19.632812 135.899299
19.640625 135.915888
19.648438 135.932479
19.656250 135.949072
19.664062 135.965668
19.671875 135.982265
19.679688 135.998865
19.687500 136.015466
19.695312 136.032069
19.703125 136.048675
19.710938 136.065282
19.718750 136.081892
19.726562 136.098503
19.734375 136.115117
19.742188 136.131733
19.750000 136.148350
19.757812 136.164970
19.765625 136.181592
19.773438 136.198215
19.781250 136.214841
19.789062 136.231469
19.796875 136.248099
19.804688 136.264731
19.812500 136.281365
19.820312 136.298000
19.828125 136.314638
19.835938 136.331278
19.843750 136.347920
19.851562 136.364564
19.859375 136.381210
19.867188 136.397859
19.875000 136.414509
19.882812 136.431161
19.890625 136.447815
19.898438 136.464471
19.906250 136.481130
19.914062 136.497790
19.921875 136.514452
19.929688 136.531116
19.937500 136.547783
19.945312 136.564451
19.953125 136.581122
19.960938 136.597794
19.968750 136.614469
19.976562 136.631145
19.984375 136.647824
19.992188 136.664505
20.000000 136.681187
20.007812 136.697872
20.015625 136.714559
20.023438 136.731248
20.031250 136.747938
20.039062 136.764631
20.046875 136.781326
20.054688 136.798023
20.062500 136.814722
20.070312 136.831423
20.078125 136.848126
20.085938 136.864831
20.093750 136.881538
20.101562 136.898248
20.109375 136.914959
20.117188 136.931672
20.125000 136.948387
20.132812 136.965105
20.140625 136.981824
20.148438 136.998545
20.156250 137.015269
20.164062 137.031994
20.171875 137.048722
20.179688 137.065451
20.187500 137.082183
20.195312 137.098917
20.203125 137.115652
20.210938 137.132390
20.218750 137.149130
20.226562 137.165872
20.234375 137.182616
20.242188 137.199362
20.250000 137.216110
20.257812 137.232860
20.265625 137.249612
20.273438 137.266366
20.281250 137.283122
20.289062 137.299880
20.296875 137.316640
20.304688 137.333403
20.312500 137.350167
20.320312 137.366933
20.328125 137.383702
20.335938 137.400472
20.343750 137.417245
20.351562 137.434019
20.359375 137.450796
20.367188 137.467575
20.375000 137.484355
20.382812 137.501138
20.390625 137.517923
20.398438 137.534710
20.406250 137.551499
20.414062 137.568290
20.421875 137.585083
20.429688 137.601878
20.437500 137.618675
20.445312 137.635474
20.453125 137.652275
20.460938 137.669078
20.468750 137.685884
20.476562 137.702691
20.484375 137.719500
20.492188 137.736312
20.500000 137.753125
20.507812 137.769941
20.515625 137.786759
20.523438 137.803578
20.531250 137.820400
20.539062 137.837224
20.546875 137.854050
20.554688 137.870878
20.562500 137.887708
20.570312 137.904539
20.578125 137.921374
20.585938 137.938210
20.593750 137.955048
20.601562 137.971888
20.609375 137.988730
20.617188 138.005575
20.625000 138.022421
20.632812 138.039269
20.640625 138.056120
20.648438 138.072973
20.656250 138.089827
20.664062 138.106684
20.671875 138.123543
20.679688 138.140403
20.687500 138.157266
20.695312 138.174131
20.703125 138.190998
20.710938 138.207867
20.718750 138.224738
20.726562 138.241611
20.734375 138.258486
20.742188 138.275364
20.750000 138.292243
20.757812 138.309124
20.765625 138.326008
20.773438 138.342893
20.781250 138.359781
20.789062 138.376670
20.796875 138.393562
20.804688 138.410456
20.812500 138.427352
20.820312 138.444250
20.828125 138.461150
20.835938 138.478052
20.843750 138.494956
20.851562 138.511862
20.859375 138.528770
20.867188 138.545680
20.875000 138.562592
20.882812 138.579507
20.890625 138.596423
20.898438 138.613342
20.906250 138.630262
20.914062 138.647185
20.921875 138.664110
20.929688 138.681036
20.937500 138.697965
20.945312 138.714896
20.953125 138.731829
20.960938 138.748764
20.968750 138.765701
20.976562 138.782641
20.984375 138.799582
20.992188 138.816525
21.000000 138.833470
21.007812 138.850418
21.015625 138.867367
21.023438 138.884319
21.031250 138.901273
21.039062 138.918228
21.046875 138.935186
21.054688 138.952146
21.062500 138.969108
21.070312 138.986072
21.078125 139.003038
21.085938 139.020006
21.093750 139.036976
21.101562 139.053949
21.109375 139.070923
21.117188 139.087899
21.125000 139.104878
21.132812 139.121859
21.140625 139.138841
21.148438 139.155826
21.156250 139.172813
21.164062 139.189802
21.171875 139.206793
21.179688 139.223786
21.187500 139.240781
21.195312 139.257778
21.203125 139.274777
21.210938 139.291778
21.218750 139.308782
21.226562 139.325787
21.234375 139.342795
21.242188 139.359804
21.250000 139.376816
21.257812 139.393830
21.265625 139.410846
21.273438 139.427864
21.281250 139.444884
21.289062 139.461906
21.296875 139.478930
21.304688 139.495956
21.312500 139.512984
21.320312 139.530015
21.328125 139.547047
21.335938 139.564082
21.343750 139.581118
21.351562 139.598157
21.359375 139.615198
21.367188 139.632241
21.375000 139.649286
21.382812 139.666333
21.390625 139.683382
21.398438 139.700433
21.406250 139.717486
21.414062 139.734542
21.421875 139.751599
21.429688 139.768659
21.437500 139.785720
21.445312 139.802784
21.453125 139.819850
21.460938 139.836918
21.468750 139.853988
21.476562 139.871060
21.484375 139.888134
21.492188 139.905210
21.500000 139.922288
21.507812 139.939368
21.515625 139.956451
21.523438 139.973535
21.531250 139.990622
21.539062 140.007711
21.546875 140.024802
21.554688 140.041894
21.562500 140.058989
21.570312 140.076086
21.578125 140.093186
21.585938 140.110287
21.593750 140.127390
21.601562 140.144495
21.609375 140.161603
21.617188 140.178713
21.625000 140.195824
21.632812 140.212938
21.640625 140.230054
21.648438 140.247172
21.656250 140.264292
21.664062 140.281414
21.671875 140.298538
21.679688 140.315664
21.687500 140.332793
21.695312 140.349923
21.703125 140.367056
21.710938 140.384190
21.718750 140.401327
21.726562 140.418466
21.734375 140.435607
21.742188 140.452750
21.750000 140.469895
21.757812 140.487042
21.765625 140.504191
21.773438 140.521343
21.781250 140.538496
21.789062 140.555652
21.796875 140.572810
21.804688 140.589969
21.812500 140.607131
21.820312 140.624295
21.828125 140.641461
21.835938 140.658629
21.843750 140.675800
21.851562 140.692972
21.859375 140.710146
21.867188 140.727323
21.875000 140.744502
21.882812 140.761682
21.890625 140.778865
21.898438 140.796050
21.906250 140.813237
21.914062 140.830426
21.921875 140.847617
21.929688 140.864811
21.937500 140.882006
21.945312 140.899204
21.953125 140.916403
21.960938 140.933605
21.968750 140.950809
21.976562 140.968015
21.984375 140.985223
21.992188 141.002433
22.000000 141.019645
22.007812 141.036859
22.015625 141.054076
22.023438 141.071294
22.031250 141.088515
22.039062 141.105738
22.046875 141.122962
22.054688 141.140189
22.062500 141.157418
22.070312 141.174649
22.078125 141.191883
22.085938 141.209118
22.093750 141.226355
22.101562 141.243595
22.109375 141.260837
22.117188 141.278080
22.125000 141.295326
22.132812 141.312574
22.140625 141.329824
22.148438 141.347077
22.156250 141.364331
22.164062 141.381587
22.171875 141.398846
22.179688 141.416106
22.187500 141.433369
22.195312 141.450634
22.203125 141.467901
22.210938 141.485170
22.218750 141.502441
22.226562 141.519714
22.234375 141.536989
22.242188 141.554267
22.250000 141.571547
22.257812 141.588828
22.265625 141.606112
22.273438 141.623398
22.281250 141.640686
22.289062 141.657976
22.296875 141.675268
22.304688 141.692563
22.312500 141.709859
22.320312 141.727158
22.328125 141.744458
22.335938 141.761761
22.343750 141.779066
22.351562 141.796373
22.359375 141.813682
22.367188 141.830993
22.375000 141.848307
22.382812 141.865622
22.390625 141.882940
22.398438 141.900259
22.406250 141.917581
22.414062 141.934905
22.421875 141.952231
22.429688 141.969559
22.437500 141.986890
22.445312 142.004222
22.453125 142.021557
22.460938 142.038893
22.468750 142.056232
22.476562 142.073573
22.484375 142.090916
22.492188 142.108261
22.500000 142.125608
22.507812 142.142957
22.515625 142.160309
22.523438 142.177662
22.531250 142.195018
22.539062 142.212376
22.546875 142.229736
22.554688 142.247098
22.562500 142.264462
22.570312 142.281828
22.578125 142.299197
22.585938 142.316567
22.593750 142.333940
22.601562 142.351314
22.609375 142.368691
22.617188 142.386070
22.625000 142.403451
22.632812 142.420835
22.640625 142.438220
22.648438 142.455607
22.656250 142.472997
22.664062 142.490389
22.671875 142.507783
22.679688 142.525179
22.687500 142.542577
22.695312 142.559977
22.703125 142.577379
22.710938 142.594784
22.718750 142.612190
22.726562 142.629599
22.734375 142.647010
22.742188 142.664423
22.750000 142.681838
22.757812 142.699255
22.765625 142.716674
22.773438 142.734096
22.781250 142.751520
22.789062 142.768945
22.796875 142.786373
22.804688 142.803803
22.812500 142.821235
22.820312 142.838669
22.828125 142.856106
22.835938 142.873544
22.843750 142.890985
22.851562 142.908428
22.859375 142.925873
22.867188 142.943320
22.875000 142.960769
22.882812 142.978220
22.890625 142.995673
22.898438 143.013129
22.906250 143.030586
22.914062 143.048046
22.921875 143.065508
22.929688 143.082972
22.937500 143.100438
22.945312 143.117907
22.953125 143.135377
22.960938 143.152850
22.968750 143.170324
22.976562 143.187801
22.984375 143.205280
22.992188 143.222761
23.000000 143.240245
23.007812 143.257730
23.015625 143.275218
23.023438 143.292707
23.031250 143.310199
23.039062 143.327693
23.046875 143.345189
23.054688 143.362687
23.062500 143.380188
23.070312 143.397690
23.078125 143.415195
23.085938 143.432701
23.093750 143.450210
23.101562 143.467721
23.109375 143.485234
23.117188 143.502750
23.125000 143.520267
23.132812 143.537787
23.140625 143.555308
23.148438 143.572832
23.156250 143.590358
23.164062 143.607886
23.171875 143.625417
23.179688 143.642949
23.187500 143.660483
23.195312 143.678020
23.203125 143.695559
23.210938 143.713100
23.218750 143.730643
23.226562 143.748188
23.234375 143.765736
23.242188 143.783285
23.250000 143.800837
23.257812 143.818391
23.265625 143.835947
23.273438 143.853505
23.281250 143.871065
23.289062 143.888627
23.296875 143.906192
23.304688 143.923759
23.312500 143.941327
23.320312 143.958898
23.328125 143.976471
23.335938 143.994047
23.343750 144.011624
23.351562 144.029204
23.359375 144.046785
23.367188 144.064369
23.375000 144.081955
23.382812 144.099543
23.390625 144.117134
23.398438 144.134726
23.406250 144.152321
23.414062 144.169917
23.421875 144.187516
23.429688 144.205117
23.437500 144.222720
23.445312 144.240326
23.453125 144.257933
23.460938 144.275543
23.468750 144.293154
23.476562 144.310768
23.484375 144.328384
23.492188 144.346003
23.500000 144.363623
23.507812 144.381246
23.515625 144.398870
23.523438 144.416497
23.531250 144.434126
23.539062 144.451757
23.546875 144.469390
23.554688 144.487026
23.562500 144.504663
23.570312 144.522303
23.578125 144.539945
23.585938 144.557589
23.593750 144.575235
23.601562 144.592884
23.609375 144.610534
23.617188 144.628187
23.625000 144.645841
23.632812 144.663498
23.640625 144.681158
23.648438 144.698819
23.656250 144.716482
23.664062 144.734148
23.671875 144.751816
23.679688 144.769486
23.687500 144.787158
23.695312 144.804832
23.703125 144.822508
23.710938 144.840187
23.718750 144.857867
23.726562 144.875550
23.734375 144.893235
23.742188 144.910922
23.750000 144.928612
23.757812 144.946303
23.765625 144.963997
23.773438 144.981693
23.781250 144.999391
23.789062 145.017091
23.796875 145.034793
23.804688 145.052497
23.812500 145.070204
23.820312 145.087913
23.828125 145.105624
23.835938 145.123337
23.843750 145.141052
23.851562 145.158769
23.859375 145.176489
23.867188 145.194211
23.875000 145.211935
23.882812 145.229661
23.890625 145.247389
23.898438 145.265119
23.906250 145.282852
23.914062 145.300587
23.921875 145.318324
23.929688 145.336063
23.937500 145.353804
23.945312 145.371547
23.953125 145.389293
23.960938 145.407040
23.968750 145.424790
23.976562 145.442542
23.984375 145.460297
23.992188 145.478053
24.000000 145.495812
24.007812 145.513572
24.015625 145.531335
24.023438 145.549100
24.031250 145.566867
24.039062 145.584637
24.046875 145.602408
24.054688 145.620182
24.062500 145.637958
24.070312 145.655736
24.078125 145.673516
24.085938 145.691299
24.093750 145.709083
24.101562 145.726870
24.109375 145.744659
24.117188 145.762450
24.125000 145.780243
24.132812 145.798039
24.140625 145.815836
24.148438 145.833636
24.156250 145.851438
24.164062 145.869242
24.171875 145.887049
24.179688 145.904857
24.187500 145.922668
24.195312 145.940481
24.203125 145.958296
24.210938 145.976113
24.218750 145.993932
24.226562 146.011754
24.234375 146.029577
24.242188 146.047403
24.250000 146.065231
24.257812 146.083061
24.265625 146.100894
24.273438 146.118728
24.281250 146.136565
24.289062 146.154404
24.296875 146.172245
24.304688 146.190089
24.312500 146.207934
24.320312 146.225782
24.328125 146.243632
24.335938 146.261484
24.343750 146.279338
24.351562 146.297194
24.359375 146.315053
24.367188 146.332913
24.375000 146.350776
24.382812 146.368641
24.390625 146.386509
24.398438 146.404378
24.406250 146.422250
24.414062 146.440123
24.421875 146.457999
24.429688 146.475878
24.437500 146.493758
24.445312 146.511641
24.453125 146.529525
24.460938 146.547412
24.468750 146.565301
24.476562 146.583193
24.484375 146.601086
24.492188 146.618982
24.500000 146.636879
24.507812 146.654779
24.515625 146.672682
24.523438 146.690586
24.531250 146.708493
24.539062 146.726401
24.546875 146.744312
24.554688 146.762225
24.562500 146.780141
24.570312 146.798058
24.578125 146.815978
24.585938 146.833900
24.593750 146.851824
24.601562 146.869750
24.609375 146.887679
24.617188 146.905609
24.625000 146.923542
24.632812 146.941477
24.640625 146.959414
24.648438 146.977354
24.656250 146.995295
24.664062 147.013239
24.671875 147.031185
24.679688 147.049133
24.687500 147.067083
24.695312 147.085036
24.703125 147.102991
24.710938 147.120947
24.718750 147.138907
24.726562 147.156868
24.734375 147.174831
24.742188 147.192797
24.750000 147.210765
24.757812 147.228735
24.765625 147.246707
24.773438 147.264682
24.781250 147.282658
24.789062 147.300637
24.796875 147.318618
24.804688 147.336601
24.812500 147.354587
24.820312 147.372574
24.828125 147.390564
24.835938 147.408556
24.843750 147.426550
24.851562 147.444547
24.859375 147.462545
24.867188 147.480546
24.875000 147.498549
24.882812 147.516554
24.890625 147.534562
24.898438 147.552571
24.906250 147.570583
24.914062 147.588597
24.921875 147.606613
24.929688 147.624632
24.937500 147.642652
24.945312 147.660675
24.953125 147.678700
24.960938 147.696727
24.968750 147.714757
24.976562 147.732788
24.984375 147.750822
24.992188 147.768858
25.000000 147.786896
25.007812 147.804937
25.015625 147.822979
25.023438 147.841024
25.031250 147.859071
25.039062 147.877120
25.046875 147.895172
25.054688 147.913225
25.062500 147.931281
25.070312 147.949339
25.078125 147.967399
25.085938 147.985462
25.093750 148.003526
25.101562 148.021593
25.109375 148.039662
25.117188 148.057734
25.125000 148.075807
25.132812 148.093883
25.140625 148.111960
25.148438 148.130041
25.156250 148.148123
25.164062 148.166207
25.171875 148.184294
25.179688 148.202383
25.187500 148.220474
25.195312 148.238567
25.203125 148.256663
25.210938 148.274761
25.218750 148.292861
25.226562 148.310963
25.234375 148.329067
25.242188 148.347174
25.250000 148.365282
25.257812 148.383393
25.265625 148.401507
25.273438 148.419622
25.281250 148.437740
25.289062 148.455860
25.296875 148.473982
25.304688 148.492106
25.312500 148.510232
25.320312 148.528361
25.328125 148.546492
25.335938 148.564625
25.343750 148.582760
25.351562 148.600898
25.359375 148.619038
25.367188 148.637180
25.375000 148.655324
25.382812 148.673470
25.390625 148.691619
25.398438 148.709770
25.406250 148.727923
25.414062 148.746078
25.421875 148.764235
25.429688 148.782395
25.437500 148.800557
25.445312 148.818721
25.453125 148.836888
25.460938 148.855056
25.468750 148.873227
25.476562 148.891400
25.484375 148.909575
25.492188 148.927753
25.500000 148.945932
25.507812 148.964114
25.515625 148.982298
25.523438 149.000485
25.531250 149.018673
25.539062 149.036864
25.546875 149.055057
25.554688 149.073252
25.562500 149.091449
25.570312 149.109649
25.578125 149.127851
25.585938 149.146055
25.593750 149.164261
25.601562 149.182470
25.609375 149.200681
25.617188 149.218894
25.625000 149.237109
25.632812 149.255326
25.640625 149.273546
25.648438 149.291768
25.656250 149.309992
25.664062 149.328218
25.671875 149.346447
25.679688 149.364677
25.687500 149.382910
25.695312 149.401146
25.703125 149.419383
25.710938 149.437623
25.718750 149.455865
25.726562 149.474109
25.734375 149.492355
25.742188 149.510604
25.750000 149.528854
25.757812 149.547108
25.765625 149.565363
25.773438 149.583620
25.781250 149.601880
25.789062 149.620142
25.796875 149.638406
25.804688 149.656673
25.812500 149.674941
25.820312 149.693212
25.828125 149.711485
25.835938 149.729760
25.843750 149.748038
25.851562 149.766318
25.859375 149.784600
25.867188 149.802884
25.875000 149.821171
25.882812 149.839459
25.890625 149.857750
25.898438 149.876043
25.906250 149.894339
25.914062 149.912636
25.921875 149.930936
25.929688 149.949238
25.937500 149.967543
25.945312 149.985849
25.953125 150.004158
25.960938 150.022469
25.968750 150.040783
25.976562 150.059098
25.984375 150.077416
25.992188 150.095736
26.000000 150.114058
26.007812 150.132383
26.015625 150.150709
26.023438 150.169038
26.031250 150.187369
26.039062 150.205703
26.046875 150.224038
26.054688 150.242376
26.062500 150.260717
26.070312 150.279059
26.078125 150.297403
26.085938 150.315750
26.093750 150.334099
26.101562 150.352451
26.109375 150.370804
26.117188 150.389160
26.125000 150.407518
26.132812 150.425878
26.140625 150.444241
26.148438 150.462606
26.156250 150.480973
26.164062 150.499342
26.171875 150.517714
26.179688 150.536087
26.187500 150.554463
26.195312 150.572842
26.203125 150.591222
26.210938 150.609605
26.218750 150.627990
26.226562 150.646377
26.234375 150.664766
26.242188 150.683158
26.250000 150.701552
26.257812 150.719948
26.265625 150.738347
26.273438 150.756747
26.281250 150.775150
26.289062 150.793555
26.296875 150.811963
26.304688 150.830372
26.312500 150.848784
26.320312 150.867199
26.328125 150.885615
26.335938 150.904034
26.343750 150.922454
26.351562 150.940878
26.359375 150.959303
26.367188 150.977731
26.375000 150.996161
26.382812 151.014593
26.390625 151.033027
26.398438 151.051464
26.406250 151.069903
26.414062 151.088344
26.421875 151.106787
26.429688 151.125233
26.437500 151.143681
26.445312 151.162131
26.453125 151.180583
26.460938 151.199038
26.468750 151.217495
26.476562 151.235954
26.484375 151.254416
26.492188 151.272879
26.500000 151.291345
26.507812 151.309813
26.515625 151.328284
26.523438 151.346756
26.531250 151.365231
26.539062 151.383709
26.546875 151.402188
26.554688 151.420670
26.562500 151.439154
26.570312 151.457640
26.578125 151.476128
26.585938 151.494619
26.593750 151.513112
26.601562 151.531607
26.609375 151.550105
26.617188 151.568605
26.625000 151.587107
26.632812 151.605611
26.640625 151.624118
26.648438 151.642626
26.656250 151.661137
26.664062 151.679651
26.671875 151.698166
26.679688 151.716684
26.687500 151.735204
26.695312 151.753727
26.703125 151.772251
26.710938 151.790778
26.718750 151.809307
26.726562 151.827839
26.734375 151.846372
26.742188 151.864908
26.750000 151.883446
26.757812 151.901987
26.765625 151.920530
26.773438 151.939075
26.781250 151.957622
26.789062 151.976171
26.796875 151.994723
26.804688 152.013277
26.812500 152.031834
26.820312 152.050392
26.828125 152.068953
26.835938 152.087516
26.843750 152.106081
26.851562 152.124649
26.859375 152.143219
26.867188 152.161791
26.875000 152.180366
26.882812 152.198942
26.890625 152.217521
26.898438 152.236103
26.906250 152.254686
26.914062 152.273272
26.921875 152.291860
26.929688 152.310450
26.937500 152.329043
26.945312 152.347638
26.953125 152.366235
26.960938 152.384834
26.968750 152.403436
26.976562 152.422040
26.984375 152.440646
26.992188 152.459254
27.000000 152.477865
27.007812 152.496478
27.015625 152.515093
27.023438 152.533711
27.031250 152.552331
27.039062 152.570953
27.046875 152.589577
27.054688 152.608204
27.062500 152.626833
27.070312 152.645464
27.078125 152.664098
27.085938 152.682733
27.093750 152.701371
27.101562 152.720012
27.109375 152.738654
27.117188 152.757299
27.125000 152.775946
27.132812 152.794596
27.140625 152.813247
27.148438 152.831901
27.156250 152.850558
27.164062 152.869216
27.171875 152.887877
27.179688 152.906540
27.187500 152.925205
27.195312 152.943873
27.203125 152.962543
27.210938 152.981215
27.218750 152.999889
27.226562 153.018566
27.234375 153.037245
27.242188 153.055927
27.250000 153.074610
27.257812 153.093296
27.265625 153.111984
27.273438 153.130675
27.281250 153.149367
27.289062 153.168062
27.296875 153.186760
27.304688 153.205459
27.312500 153.224161
27.320312 153.242865
27.328125 153.261571
27.335938 153.280280
27.343750 153.298991
27.351562 153.317704
27.359375 153.336420
27.367188 153.355138
27.375000 153.373858
27.382812 153.392580
27.390625 153.411305
27.398438 153.430032
27.406250 153.448761
27.414062 153.467493
27.421875 153.486227
27.429688 153.504963
27.437500 153.523701
27.445312 153.542442
27.453125 153.561185
27.460938 153.579930
27.468750 153.598677
27.476562 153.617427
27.484375 153.636179
27.492188 153.654934
27.500000 153.673691
27.507812 153.692450
27.515625 153.711211
27.523438 153.729974
27.531250 153.748740
27.539062 153.767508
27.546875 153.786279
27.554688 153.805052
27.562500 153.823827
27.570312 153.842604
27.578125 153.861384
27.585938 153.880166
27.593750 153.898950
27.601562 153.917736
27.609375 153.936525
27.617188 153.955316
27.625000 153.974109
27.632812 153.992905
27.640625 154.011703
27.648438 154.030503
27.656250 154.049306
27.664062 154.068111
27.671875 154.086918
27.679688 154.105727
27.687500 154.124539
27.695312 154.143353
27.703125 154.162169
27.710938 154.180988
27.718750 154.199809
27.726562 154.218632
27.734375 154.237458
27.742188 154.256286
27.750000 154.275116
27.757812 154.293948
27.765625 154.312783
27.773438 154.331620
27.781250 154.350459
27.789062 154.369301
27.796875 154.388145
27.804688 154.406991
27.812500 154.425839
27.820312 154.444690
27.828125 154.463543
27.835938 154.482399
27.843750 154.501256
27.851562 154.520116
27.859375 154.538979
27.867188 154.557843
27.875000 154.576710
27.882812 154.595579
27.890625 154.614451
27.898438 154.633325
27.906250 154.652201
27.914062 154.671079
27.921875 154.689960
27.929688 154.708843
27.937500 154.727729
27.945312 154.746616
27.953125 154.765506
27.960938 154.784398
27.968750 154.803293
27.976562 154.822190
27.984375 154.841089
27.992188 154.859991
28.000000 154.878894
28.007812 154.897801
28.015625 154.916709
28.023438 154.935620
28.031250 154.954533
28.039062 154.973448
28.046875 154.992366
28.054688 155.011286
28.062500 155.030208
28.070312 155.049133
28.078125 155.068059
28.085938 155.086989
28.093750 155.105920
28.101562 155.124854
28.109375 155.143790
28.117188 155.162729
28.125000 155.181669
28.132812 155.200612
28.140625 155.219558
28.148438 155.238506
28.156250 155.257456
28.164062 155.276408
28.171875 155.295363
28.179688 155.314319
28.187500 155.333279
28.195312 155.352240
28.203125 155.371204
28.210938 155.390170
28.218750 155.409139
28.226562 155.428110
28.234375 155.447083
28.242188 155.466058
28.250000 155.485036
28.257812 155.504016
28.265625 155.522999
28.273438 155.541983
28.281250 155.560971
28.289062 155.579960
28.296875 155.598952
28.304688 155.617946
28.312500 155.636942
28.320312 155.655941
28.328125 155.674942
28.335938 155.693945
28.343750 155.712950
28.351562 155.731958
28.359375 155.750969
28.367188 155.769981
28.375000 155.788996
28.382812 155.808013
28.390625 155.827033
28.398438 155.846055
28.406250 155.865079
28.414062 155.884105
28.421875 155.903134
28.429688 155.922165
28.437500 155.941199
28.445312 155.960235
28.453125 155.979273
28.460938 155.998313
28.468750 156.017356
28.476562 156.036401
28.484375 156.055448
28.492188 156.074498
28.500000 156.093550
28.507812 156.112605
28.515625 156.131661
28.523438 156.150720
28.531250 156.169782
28.539062 156.188845
28.546875 156.207911
28.554688 156.226980
28.562500 156.246050
28.570312 156.265123
28.578125 156.284199
28.585938 156.303276
28.593750 156.322356
28.601562 156.341439
28.609375 156.360523
28.617188 156.379610
28.625000 156.398700
28.632812 156.417791
28.640625 156.436885
28.648438 156.455982
28.656250 156.475080
28.664062 156.494181
28.671875 156.513285
28.679688 156.532390
28.687500 156.551498
28.695312 156.570608
28.703125 156.589721
28.710938 156.608836
28.718750 156.627953
28.726562 156.647073
28.734375 156.666195
28.742188 156.685319
28.750000 156.704446
28.757812 156.723575
28.765625 156.742706
28.773438 156.761840
28.781250 156.780976
28.789062 156.800114
28.796875 156.819255
28.804688 156.838398
28.812500 156.857543
28.820312 156.876690
28.828125 156.895840
28.835938 156.914993
28.843750 156.934147
28.851562 156.953304
28.859375 156.972464
28.867188 156.991625
28.875000 157.010789
28.882812 157.029956
28.890625 157.049125
28.898438 157.068296
28.906250 157.087469
28.914062 157.106645
28.921875 157.125823
28.929688 157.145003
28.937500 157.164186
28.945312 157.183371
28.953125 157.202558
28.960938 157.221748
28.968750 157.240940
28.976562 157.260135
28.984375 157.279331
28.992188 157.298531
29.000000 157.317732
29.007812 157.336936
29.015625 157.356142
29.023438 157.375351
29.031250 157.394561
29.039062 157.413775
29.046875 157.432990
29.054688 157.452208
29.062500 157.471428
29.070312 157.490651
29.078125 157.509876
29.085938 157.529103
29.093750 157.548333
29.101562 157.567565
29.109375 157.586799
29.117188 157.606036
29.125000 157.625275
29.132812 157.644516
29.140625 157.663760
29.148438 157.683006
29.156250 157.702254
29.164062 157.721505
29.171875 157.740758
29.179688 157.760014
29.187500 157.779271
29.195312 157.798532
29.203125 157.817794
29.210938 157.837059
29.218750 157.856326
29.226562 157.875596
29.234375 157.894868
29.242188 157.914142
29.250000 157.933419
29.257812 157.952698
29.265625 157.971979
29.273438 157.991263
29.281250 158.010549
29.289062 158.029837
29.296875 158.049128
29.304688 158.068421
29.312500 158.087716
29.320312 158.107014
29.328125 158.126314
29.335938 158.145617
29.343750 158.164922
29.351562 158.184229
29.359375 158.203539
29.367188 158.222851
29.375000 158.242165
29.382812 158.261482
29.390625 158.280801
29.398438 158.300122
29.406250 158.319446
29.414062 158.338772
29.421875 158.358100
29.429688 158.377431
29.437500 158.396764
29.445312 158.416100
29.453125 158.435438
29.460938 158.454778
29.468750 158.474121
29.476562 158.493466
29.484375 158.512813
29.492188 158.532163
29.500000 158.551515
29.507812 158.570869
29.515625 158.590226
29.523438 158.609585
29.531250 158.628947
29.539062 158.648311
29.546875 158.667677
29.554688 158.687045
29.562500 158.706416
29.570312 158.725790
29.578125 158.745165
29.585938 158.764544
29.593750 158.783924
29.601562 158.803307
29.609375 158.822692
29.617188 158.842079
29.625000 158.861469
29.632812 158.880862
29.640625 158.900256
29.648438 158.919653
29.656250 158.939053
29.664062 158.958454
29.671875 158.977859
29.679688 158.997265
29.687500 159.016674
29.695312 159.036085
29.703125 159.055499
29.710938 159.074915
29.718750 159.094333
29.726562 159.113754
29.734375 159.133177
29.742188 159.152602
29.750000 159.172030
29.757812 159.191460
29.765625 159.210893
29.773438 159.230328
29.781250 159.249765
29.789062 159.269205
29.796875 159.288647
29.804688 159.308091
29.812500 159.327538
29.820312 159.346987
29.828125 159.366438
29.835938 159.385892
29.843750 159.405349
29.851562 159.424807
29.859375 159.444268
29.867188 159.463732
29.875000 159.483198
29.882812 159.502666
29.890625 159.522136
29.898438 159.541609
29.906250 159.561084
29.914062 159.580562
29.921875 159.600042
29.929688 159.619525
29.937500 159.639009
29.945312 159.658497
29.953125 159.677986
29.960938 159.697478
29.968750 159.716972
29.976562 159.736469
29.984375 159.755968
29.992188 159.775470
30.000000 159.794974
