0.000000 100.000000
0.007812 100.012017
0.015625 100.023752
0.023438 100.035204
0.031250 100.046374
0.039062 100.057263
0.046875 100.067871
0.054688 100.078198
0.062500 100.088245
0.070312 100.098013
0.078125 100.107504
0.085938 100.116719
0.093750 100.125658
0.101562 100.134323
0.109375 100.142717
0.117188 100.150840
0.125000 100.158694
0.132812 100.166283
0.140625 100.173606
0.148438 100.180668
0.156250 100.187470
0.164062 100.194015
0.171875 100.200305
0.179688 100.206344
0.187500 100.212134
0.195312 100.217678
0.203125 100.222979
0.210938 100.228041
0.218750 100.232867
0.226562 100.237460
0.234375 100.241825
0.242188 100.245964
0.250000 100.249882
0.257812 100.253582
0.265625 100.257069
0.273438 100.260347
0.281250 100.263419
0.289062 100.266291
0.296875 100.268967
0.304688 100.271452
0.312500 100.273749
0.320312 100.275864
0.328125 100.277802
0.335938 100.279567
0.343750 100.281165
0.351562 100.282601
0.359375 100.283879
0.367188 100.285006
0.375000 100.285986
0.382812 100.286824
0.390625 100.287527
0.398438 100.288100
0.406250 100.288548
0.414062 100.288877
0.421875 100.289093
0.429688 100.289202
0.437500 100.289209
0.445312 100.289121
0.453125 100.288942
0.460938 100.288680
0.468750 100.288341
0.476562 100.287929
0.484375 100.287452
0.492188 100.286916
0.500000 100.286326
0.507812 100.285689
0.515625 100.285012
0.523438 100.284300
0.531250 100.283559
0.539062 100.282797
0.546875 100.282019
0.554688 100.281231
0.562500 100.280441
0.570312 100.279653
0.578125 100.278875
0.585938 100.278113
0.593750 100.277373
0.601562 100.276661
0.609375 100.275984
0.617188 100.275348
0.625000 100.274760
0.632812 100.274224
0.640625 100.273749
0.648438 100.273339
0.656250 100.273001
0.664062 100.272742
0.671875 100.272567
0.679688 100.272481
0.687500 100.272493
0.695312 100.272606
0.703125 100.272828
0.710938 100.273163
0.718750 100.273619
0.726562 100.274200
0.734375 100.274912
0.742188 100.275761
0.750000 100.276753
0.757812 100.277892
0.765625 100.279185
0.773438 100.280637
0.781250 100.282253
0.789062 100.284038
0.796875 100.285997
0.804688 100.288135
0.812500 100.290459
0.820312 100.292971
0.828125 100.295677
0.835938 100.298582
0.843750 100.301690
0.851562 100.305006
0.859375 100.308534
0.867188 100.312279
0.875000 100.316244
0.882812 100.320434
0.890625 100.324853
0.898438 100.329504
0.906250 100.334392
0.914062 100.339519
0.921875 100.344890
0.929688 100.350508
0.937500 100.356376
0.945312 100.362498
0.953125 100.368876
0.960938 100.375513
0.968750 100.382413
0.976562 100.389577
0.984375 100.397009
0.992188 100.404710
1.000000 100.412684
1.007812 100.420931
1.015625 100.429455
1.023438 100.438258
1.031250 100.447340
1.039062 100.456703
1.046875 100.466350
1.054688 100.476281
1.062500 100.486498
1.070312 100.497001
1.078125 100.507792
1.085938 100.518871
1.093750 100.530240
1.101562 100.541898
1.109375 100.553846
1.117188 100.566084
1.125000 100.578613
1.132812 100.591432
1.140625 100.604541
1.148438 100.617939
1.156250 100.631627
1.164062 100.645604
1.171875 100.659869
1.179688 100.674420
1.187500 100.689258
1.195312 100.704381
1.203125 100.719787
1.210938 100.735476
1.218750 100.751445
1.226562 100.767693
1.234375 100.784218
1.242188 100.801018
1.250000 100.818091
1.257812 100.835435
1.265625 100.853047
1.273438 100.870925
1.281250 100.889066
1.289062 100.907468
1.296875 100.926127
1.304688 100.945041
1.312500 100.964206
1.320312 100.983619
1.328125 101.003277
1.335938 101.023176
1.343750 101.043313
1.351562 101.063684
1.359375 101.084285
1.367188 101.105112
1.375000 101.126161
1.382812 101.147428
1.390625 101.168908
1.398438 101.190598
1.406250 101.212492
1.414062 101.234586
1.421875 101.256876
1.429688 101.279356
1.437500 101.302023
1.445312 101.324869
1.453125 101.347892
1.460938 101.371085
1.468750 101.394444
1.476562 101.417962
1.484375 101.441636
1.492188 101.465458
1.500000 101.489424
1.507812 101.513528
1.515625 101.537765
1.523438 101.562128
1.531250 101.586612
1.539062 101.611212
1.546875 101.635920
1.554688 101.660731
1.562500 101.685639
1.570312 101.710639
1.578125 101.735723
1.585938 101.760886
1.593750 101.786122
1.601562 101.811424
1.609375 101.836786
1.617188 101.862202
1.625000 101.887665
1.632812 101.913169
1.640625 101.938708
1.648438 101.964276
1.656250 101.989865
1.664062 102.015470
1.671875 102.041084
1.679688 102.066701
1.687500 102.092314
1.695312 102.117917
1.703125 102.143504
1.710938 102.169067
1.718750 102.194602
1.726562 102.220100
1.734375 102.245556
1.742188 102.270964
1.750000 102.296317
1.757812 102.321609
1.765625 102.346833
1.773438 102.371984
1.781250 102.397055
1.789062 102.422040
1.796875 102.446933
1.804688 102.471728
1.812500 102.496418
1.820312 102.520998
1.828125 102.545462
1.835938 102.569804
1.843750 102.594018
1.851562 102.618098
1.859375 102.642039
1.867188 102.665836
1.875000 102.689481
1.882812 102.712971
1.890625 102.736299
1.898438 102.759460
1.906250 102.782450
1.914062 102.805262
1.921875 102.827892
1.929688 102.850335
1.937500 102.872586
1.945312 102.894639
1.953125 102.916491
1.960938 102.938137
1.968750 102.959572
1.976562 102.980792
1.984375 103.001792
1.992188 103.022568
2.000000 103.043117
2.007812 103.063434
2.015625 103.083515
2.023438 103.103357
2.031250 103.122955
2.039062 103.142307
2.046875 103.161409
2.054688 103.180258
2.062500 103.198850
2.070312 103.217183
2.078125 103.235253
2.085938 103.253059
2.093750 103.270596
2.101562 103.287863
2.109375 103.304857
2.117188 103.321576
2.125000 103.338018
2.132812 103.354181
2.140625 103.370063
2.148438 103.385663
2.156250 103.400978
2.164062 103.416007
2.171875 103.430749
2.179688 103.445204
2.187500 103.459369
2.195312 103.473244
2.203125 103.486828
2.210938 103.500120
2.218750 103.513121
2.226562 103.525830
2.234375 103.538247
2.242188 103.550371
2.250000 103.562203
2.257812 103.573743
2.265625 103.584991
2.273438 103.595948
2.281250 103.606616
2.289062 103.616993
2.296875 103.627082
2.304688 103.636884
2.312500 103.646399
2.320312 103.655630
2.328125 103.664578
2.335938 103.673244
2.343750 103.681630
2.351562 103.689739
2.359375 103.697572
2.367188 103.705131
2.375000 103.712420
2.382812 103.719439
2.390625 103.726193
2.398438 103.732684
2.406250 103.738914
2.414062 103.744886
2.421875 103.750605
2.429688 103.756073
2.437500 103.761293
2.445312 103.766268
2.453125 103.771004
2.460938 103.775503
2.468750 103.779769
2.476562 103.783806
2.484375 103.787618
2.492188 103.791210
2.500000 103.794586
2.507812 103.797749
2.515625 103.800706
2.523438 103.803459
2.531250 103.806015
2.539062 103.808378
2.546875 103.810552
2.554688 103.812543
2.562500 103.814356
2.570312 103.815997
2.578125 103.817469
2.585938 103.818779
2.593750 103.819933
2.601562 103.820935
2.609375 103.821791
2.617188 103.822508
2.625000 103.823090
2.632812 103.823543
2.640625 103.823874
2.648438 103.824088
2.656250 103.824192
2.664062 103.824191
2.671875 103.824091
2.679688 103.823899
2.687500 103.823621
2.695312 103.823263
2.703125 103.822831
2.710938 103.822332
2.718750 103.821772
2.726562 103.821157
2.734375 103.820495
2.742188 103.819790
2.750000 103.819050
2.757812 103.818282
2.765625 103.817491
2.773438 103.816684
2.781250 103.815868
2.789062 103.815050
2.796875 103.814235
2.804688 103.813431
2.812500 103.812643
2.820312 103.811879
2.828125 103.811145
2.835938 103.810448
2.843750 103.809793
2.851562 103.809188
2.859375 103.808639
2.867188 103.808152
2.875000 103.807734
2.882812 103.807390
2.890625 103.807129
2.898438 103.806955
2.906250 103.806875
2.914062 103.806895
2.921875 103.807021
2.929688 103.807260
2.937500 103.807618
2.945312 103.808100
2.953125 103.808712
2.960938 103.809461
2.968750 103.810352
2.976562 103.811391
2.984375 103.812583
2.992188 103.813935
3.000000 103.815452
3.007812 103.817139
3.015625 103.819002
3.023438 103.821045
3.031250 103.823275
3.039062 103.825696
3.046875 103.828313
3.054688 103.831131
3.062500 103.834156
3.070312 103.837391
3.078125 103.840842
3.085938 103.844513
3.093750 103.848408
3.101562 103.852532
3.109375 103.856889
3.117188 103.861483
3.125000 103.866319
3.132812 103.871399
3.140625 103.876728
3.148438 103.882309
3.156250 103.888146
3.164062 103.894243
3.171875 103.900602
3.179688 103.907227
3.187500 103.914120
3.195312 103.921286
3.203125 103.928725
3.210938 103.936442
3.218750 103.944438
3.226562 103.952716
3.234375 103.961278
3.242188 103.970126
3.250000 103.979262
3.257812 103.988689
3.265625 103.998406
3.273438 104.008417
3.281250 104.018723
3.289062 104.029324
3.296875 104.040222
3.304688 104.051418
3.312500 104.062913
3.320312 104.074707
3.328125 104.086801
3.335938 104.099195
3.343750 104.111889
3.351562 104.124884
3.359375 104.138179
3.367188 104.151775
3.375000 104.165671
3.382812 104.179866
3.390625 104.194360
3.398438 104.209152
3.406250 104.224241
3.414062 104.239627
3.421875 104.255307
3.429688 104.271280
3.437500 104.287546
3.445312 104.304102
3.453125 104.320946
3.460938 104.338077
3.468750 104.355493
3.476562 104.373191
3.484375 104.391169
3.492188 104.409425
3.500000 104.427956
3.507812 104.446759
3.515625 104.465831
3.523438 104.485170
3.531250 104.504772
3.539062 104.524634
3.546875 104.544753
3.554688 104.565124
3.562500 104.585745
3.570312 104.606612
3.578125 104.627721
3.585938 104.649067
3.593750 104.670647
3.601562 104.692457
3.609375 104.714492
3.617188 104.736748
3.625000 104.759219
3.632812 104.781903
3.640625 104.804793
3.648438 104.827885
3.656250 104.851173
3.664062 104.874654
3.671875 104.898322
3.679688 104.922170
3.687500 104.946196
3.695312 104.970391
3.703125 104.994752
3.710938 105.019273
3.718750 105.043948
3.726562 105.068771
3.734375 105.093736
3.742188 105.118838
3.750000 105.144070
3.757812 105.169428
3.765625 105.194903
3.773438 105.220491
3.781250 105.246186
3.789062 105.271980
3.796875 105.297868
3.804688 105.323844
3.812500 105.349900
3.820312 105.376031
3.828125 105.402230
3.835938 105.428491
3.843750 105.454807
3.851562 105.481172
3.859375 105.507578
3.867188 105.534020
3.875000 105.560491
3.882812 105.586984
3.890625 105.613493
3.898438 105.640010
3.906250 105.666530
3.914062 105.693045
3.921875 105.719550
3.929688 105.746036
3.937500 105.772499
3.945312 105.798930
3.953125 105.825324
3.960938 105.851673
3.968750 105.877972
3.976562 105.904214
3.984375 105.930392
3.992188 105.956499
4.000000 105.982530
4.007812 106.008478
4.015625 106.034336
4.023438 106.060098
4.031250 106.085758
4.039062 106.111309
4.046875 106.136746
4.054688 106.162062
4.062500 106.187251
4.070312 106.212308
4.078125 106.237225
4.085938 106.261998
4.093750 106.286620
4.101562 106.311086
4.109375 106.335390
4.117188 106.359526
4.125000 106.383490
4.132812 106.407274
4.140625 106.430875
4.148438 106.454287
4.156250 106.477505
4.164062 106.500523
4.171875 106.523337
4.179688 106.545942
4.187500 106.568333
4.195312 106.590505
4.203125 106.612454
4.210938 106.634176
4.218750 106.655665
4.226562 106.676918
4.234375 106.697931
4.242188 106.718700
4.250000 106.739221
4.257812 106.759489
4.265625 106.779502
4.273438 106.799256
4.281250 106.818747
4.289062 106.837972
4.296875 106.856929
4.304688 106.875614
4.312500 106.894024
4.320312 106.912156
4.328125 106.930009
4.335938 106.947578
4.343750 106.964863
4.351562 106.981861
4.359375 106.998570
4.367188 107.014987
4.375000 107.031112
4.382812 107.046943
4.390625 107.062478
4.398438 107.077715
4.406250 107.092654
4.414062 107.107293
4.421875 107.121633
4.429688 107.135671
4.437500 107.149407
4.445312 107.162841
4.453125 107.175973
4.460938 107.188802
4.468750 107.201329
4.476562 107.213553
4.484375 107.225474
4.492188 107.237094
4.500000 107.248413
4.507812 107.259431
4.515625 107.270150
4.523438 107.280570
4.531250 107.290693
4.539062 107.300520
4.546875 107.310051
4.554688 107.319290
4.562500 107.328238
4.570312 107.336896
4.578125 107.345267
4.585938 107.353352
4.593750 107.361155
4.601562 107.368677
4.609375 107.375921
4.617188 107.382890
4.625000 107.389587
4.632812 107.396015
4.640625 107.402176
4.648438 107.408075
4.656250 107.413714
4.664062 107.419097
4.671875 107.424228
4.679688 107.429110
4.687500 107.433747
4.695312 107.438143
4.703125 107.442304
4.710938 107.446231
4.718750 107.449931
4.726562 107.453407
4.734375 107.456665
4.742188 107.459708
4.750000 107.462541
4.757812 107.465170
4.765625 107.467600
4.773438 107.469835
4.781250 107.471881
4.789062 107.473743
4.796875 107.475427
4.804688 107.476937
4.812500 107.478280
4.820312 107.479461
4.828125 107.480485
4.835938 107.481360
4.843750 107.482090
4.851562 107.482681
4.859375 107.483140
4.867188 107.483472
4.875000 107.483684
4.882812 107.483782
4.890625 107.483773
4.898438 107.483661
4.906250 107.483455
4.914062 107.483160
4.921875 107.482783
4.929688 107.482330
4.937500 107.481808
4.945312 107.481223
4.953125 107.480582
4.960938 107.479892
4.968750 107.479159
4.976562 107.478391
4.984375 107.477593
4.992188 107.476772
5.000000 107.475936
5.007812 107.475091
5.015625 107.474244
5.023438 107.473401
5.031250 107.472570
5.039062 107.471756
5.046875 107.470968
5.054688 107.470211
5.062500 107.469492
5.070312 107.468818
5.078125 107.468196
5.085938 107.467633
5.093750 107.467134
5.101562 107.466708
5.109375 107.466359
5.117188 107.466095
5.125000 107.465923
5.132812 107.465848
5.140625 107.465878
5.148438 107.466018
5.156250 107.466276
5.164062 107.466656
5.171875 107.467166
5.179688 107.467811
5.187500 107.468599
5.195312 107.469533
5.203125 107.470622
5.210938 107.471870
5.218750 107.473283
5.226562 107.474868
5.234375 107.476629
5.242188 107.478573
5.250000 107.480704
5.257812 107.483028
5.265625 107.485551
5.273438 107.488277
5.281250 107.491213
5.289062 107.494362
5.296875 107.497729
5.304688 107.501320
5.312500 107.505140
5.320312 107.509192
5.328125 107.513481
5.335938 107.518012
5.343750 107.522788
5.351562 107.527815
5.359375 107.533095
5.367188 107.538633
5.375000 107.544433
5.382812 107.550498
5.390625 107.556832
5.398438 107.563438
5.406250 107.570319
5.414062 107.577479
5.421875 107.584920
5.429688 107.592645
5.437500 107.600657
5.445312 107.608959
5.453125 107.617553
5.460938 107.626442
5.468750 107.635626
5.476562 107.645109
5.484375 107.654893
5.492188 107.664978
5.500000 107.675367
5.507812 107.686061
5.515625 107.697061
5.523438 107.708369
5.531250 107.719985
5.539062 107.731910
5.546875 107.744146
5.554688 107.756691
5.562500 107.769548
5.570312 107.782715
5.578125 107.796194
5.585938 107.809984
5.593750 107.824085
5.601562 107.838496
5.609375 107.853217
5.617188 107.868247
5.625000 107.883586
5.632812 107.899233
5.640625 107.915185
5.648438 107.931443
5.656250 107.948005
5.664062 107.964869
5.671875 107.982033
5.679688 107.999496
5.687500 108.017255
5.695312 108.035309
5.703125 108.053655
5.710938 108.072291
5.718750 108.091213
5.726562 108.110421
5.734375 108.129910
5.742188 108.149677
5.750000 108.169720
5.757812 108.190035
5.765625 108.210620
5.773438 108.231469
5.781250 108.252580
5.789062 108.273949
5.796875 108.295573
5.804688 108.317446
5.812500 108.339565
5.820312 108.361926
5.828125 108.384523
5.835938 108.407354
5.843750 108.430413
5.851562 108.453695
5.859375 108.477195
5.867188 108.500910
5.875000 108.524833
5.882812 108.548959
5.890625 108.573283
5.898438 108.597801
5.906250 108.622506
5.914062 108.647392
5.921875 108.672455
5.929688 108.697689
5.937500 108.723087
5.945312 108.748645
5.953125 108.774355
5.960938 108.800212
5.968750 108.826210
5.976562 108.852343
5.984375 108.878604
5.992188 108.904988
6.000000 108.931487
6.007812 108.958096
6.015625 108.984808
6.023438 109.011616
6.031250 109.038515
6.039062 109.065496
6.046875 109.092554
6.054688 109.119682
6.062500 109.146874
6.070312 109.174122
6.078125 109.201420
6.085938 109.228760
6.093750 109.256137
6.101562 109.283543
6.109375 109.310971
6.117188 109.338415
6.125000 109.365868
6.132812 109.393322
6.140625 109.420772
6.148438 109.448209
6.156250 109.475627
6.164062 109.503020
6.171875 109.530380
6.179688 109.557701
6.187500 109.584975
6.195312 109.612196
6.203125 109.639358
6.210938 109.666452
6.218750 109.693474
6.226562 109.720415
6.234375 109.747270
6.242188 109.774032
6.250000 109.800693
6.257812 109.827249
6.265625 109.853691
6.273438 109.880014
6.281250 109.906212
6.289062 109.932278
6.296875 109.958206
6.304688 109.983990
6.312500 110.009623
6.320312 110.035100
6.328125 110.060415
6.335938 110.085561
6.343750 110.110534
6.351562 110.135327
6.359375 110.159934
6.367188 110.184351
6.375000 110.208572
6.382812 110.232591
6.390625 110.256403
6.398438 110.280004
6.406250 110.303387
6.414062 110.326549
6.421875 110.349484
6.429688 110.372187
6.437500 110.394655
6.445312 110.416882
6.453125 110.438864
6.460938 110.460597
6.468750 110.482076
6.476562 110.503299
6.484375 110.524260
6.492188 110.544956
6.500000 110.565384
6.507812 110.585539
6.515625 110.605420
6.523438 110.625021
6.531250 110.644341
6.539062 110.663377
6.546875 110.682124
6.554688 110.700582
6.562500 110.718747
6.570312 110.736616
6.578125 110.754189
6.585938 110.771462
6.593750 110.788433
6.601562 110.805101
6.609375 110.821464
6.617188 110.837521
6.625000 110.853270
6.632812 110.868710
6.640625 110.883840
6.648438 110.898659
6.656250 110.913166
6.664062 110.927361
6.671875 110.941243
6.679688 110.954812
6.687500 110.968067
6.695312 110.981009
6.703125 110.993638
6.710938 111.005954
6.718750 111.017958
6.726562 111.029650
6.734375 111.041031
6.742188 111.052102
6.750000 111.062864
6.757812 111.073318
6.765625 111.083466
6.773438 111.093309
6.781250 111.102848
6.789062 111.112086
6.796875 111.121025
6.804688 111.129666
6.812500 111.138012
6.820312 111.146066
6.828125 111.153829
6.835938 111.161305
6.843750 111.168497
6.851562 111.175407
6.859375 111.182038
6.867188 111.188394
6.875000 111.194478
6.882812 111.200294
6.890625 111.205845
6.898438 111.211135
6.906250 111.216168
6.914062 111.220948
6.921875 111.225479
6.929688 111.229766
6.937500 111.233812
6.945312 111.237623
6.953125 111.241203
6.960938 111.244557
6.968750 111.247689
6.976562 111.250605
6.984375 111.253309
6.992188 111.255808
7.000000 111.258105
7.007812 111.260207
7.015625 111.262119
7.023438 111.263847
7.031250 111.265396
7.039062 111.266772
7.046875 111.267981
7.054688 111.269029
7.062500 111.269922
7.070312 111.270665
7.078125 111.271266
7.085938 111.271730
7.093750 111.272064
7.101562 111.272273
7.109375 111.272365
7.117188 111.272346
7.125000 111.272223
7.132812 111.272001
7.140625 111.271688
7.148438 111.271291
7.156250 111.270816
7.164062 111.270270
7.171875 111.269659
7.179688 111.268991
7.187500 111.268273
7.195312 111.267511
7.203125 111.266713
7.210938 111.265885
7.218750 111.265034
7.226562 111.264167
7.234375 111.263292
7.242188 111.262415
7.250000 111.261543
7.257812 111.260683
7.265625 111.259843
7.273438 111.259029
7.281250 111.258249
7.289062 111.257508
7.296875 111.256815
7.304688 111.256176
7.312500 111.255598
7.320312 111.255088
7.328125 111.254652
7.335938 111.254298
7.343750 111.254033
7.351562 111.253863
7.359375 111.253794
7.367188 111.253834
7.375000 111.253989
7.382812 111.254266
7.390625 111.254670
7.398438 111.255209
7.406250 111.255890
7.414062 111.256717
7.421875 111.257698
7.429688 111.258838
7.437500 111.260144
7.445312 111.261621
7.453125 111.263277
7.460938 111.265115
7.468750 111.267143
7.476562 111.269366
7.484375 111.271789
7.492188 111.274418
7.500000 111.277258
7.507812 111.280315
7.515625 111.283593
7.523438 111.287099
7.531250 111.290836
7.539062 111.294809
7.546875 111.299024
7.554688 111.303485
7.562500 111.308196
7.570312 111.313162
7.578125 111.318388
7.585938 111.323876
7.593750 111.329632
7.601562 111.335658
7.609375 111.341960
7.617188 111.348540
7.625000 111.355402
7.632812 111.362550
7.640625 111.369986
7.648438 111.377713
7.656250 111.385735
7.664062 111.394055
7.671875 111.402674
7.679688 111.411596
7.687500 111.420823
7.695312 111.430357
7.703125 111.440200
7.710938 111.450354
7.718750 111.460821
7.726562 111.471602
7.734375 111.482699
7.742188 111.494113
7.750000 111.505846
7.757812 111.517898
7.765625 111.530270
7.773438 111.542963
7.781250 111.555977
7.789062 111.569314
7.796875 111.582972
7.804688 111.596952
7.812500 111.611255
7.820312 111.625879
7.828125 111.640825
7.835938 111.656091
7.843750 111.671678
7.851562 111.687584
7.859375 111.703808
7.867188 111.720349
7.875000 111.737206
7.882812 111.754377
7.890625 111.771861
7.898438 111.789656
7.906250 111.807760
7.914062 111.826170
7.921875 111.844886
7.929688 111.863903
7.937500 111.883220
7.945312 111.902835
7.953125 111.922743
7.960938 111.942943
7.968750 111.963431
7.976562 111.984204
7.984375 112.005258
7.992188 112.026591
8.000000 112.048198
8.007812 112.070075
8.015625 112.092219
8.023438 112.114626
8.031250 112.137292
8.039062 112.160211
8.046875 112.183380
8.054688 112.206795
8.062500 112.230450
8.070312 112.254341
8.078125 112.278462
8.085938 112.302810
8.093750 112.327378
8.101562 112.352162
8.109375 112.377156
8.117188 112.402354
8.125000 112.427752
8.132812 112.453343
8.140625 112.479123
8.148438 112.505084
8.156250 112.531221
8.164062 112.557529
8.171875 112.584000
8.179688 112.610629
8.187500 112.637410
8.195312 112.664337
8.203125 112.691402
8.210938 112.718599
8.218750 112.745923
8.226562 112.773366
8.234375 112.800922
8.242188 112.828584
8.250000 112.856345
8.257812 112.884199
8.265625 112.912138
8.273438 112.940156
8.281250 112.968246
8.289062 112.996401
8.296875 113.024614
8.304688 113.052878
8.312500 113.081186
8.320312 113.109530
8.328125 113.137904
8.335938 113.166301
8.343750 113.194714
8.351562 113.223134
8.359375 113.251556
8.367188 113.279972
8.375000 113.308375
8.382812 113.336758
8.390625 113.365114
8.398438 113.393435
8.406250 113.421715
8.414062 113.449947
8.421875 113.478122
8.429688 113.506236
8.437500 113.534280
8.445312 113.562247
8.453125 113.590131
8.460938 113.617924
8.468750 113.645621
8.476562 113.673214
8.484375 113.700696
8.492188 113.728060
8.500000 113.755301
8.507812 113.782411
8.515625 113.809384
8.523438 113.836214
8.531250 113.862894
8.539062 113.889417
8.546875 113.915779
8.554688 113.941972
8.562500 113.967990
8.570312 113.993827
8.578125 114.019479
8.585938 114.044938
8.593750 114.070199
8.601562 114.095256
8.609375 114.120104
8.617188 114.144738
8.625000 114.169152
8.632812 114.193341
8.640625 114.217300
8.648438 114.241023
8.656250 114.264507
8.664062 114.287746
8.671875 114.310736
8.679688 114.333471
8.687500 114.355949
8.695312 114.378164
8.703125 114.400112
8.710938 114.421790
8.718750 114.443193
8.726562 114.464317
8.734375 114.485160
8.742188 114.505717
8.750000 114.525986
8.757812 114.545963
8.765625 114.565644
8.773438 114.585028
8.781250 114.604111
8.789062 114.622891
8.796875 114.641366
8.804688 114.659532
8.812500 114.677388
8.820312 114.694931
8.828125 114.712161
8.835938 114.729075
8.843750 114.745672
8.851562 114.761949
8.859375 114.777907
8.867188 114.793544
8.875000 114.808858
8.882812 114.823850
8.890625 114.838518
8.898438 114.852863
8.906250 114.866883
8.914062 114.880579
8.921875 114.893951
8.929688 114.906998
8.937500 114.919722
8.945312 114.932122
8.953125 114.944199
8.960938 114.955955
8.968750 114.967390
8.976562 114.978504
8.984375 114.989301
8.992188 114.999780
9.000000 115.009944
9.007812 115.019794
9.015625 115.029332
9.023438 115.038560
9.031250 115.047480
9.039062 115.056096
9.046875 115.064408
9.054688 115.072421
9.062500 115.080136
9.070312 115.087557
9.078125 115.094686
9.085938 115.101527
9.093750 115.108084
9.101562 115.114359
9.109375 115.120357
9.117188 115.126082
9.125000 115.131536
9.132812 115.136725
9.140625 115.141652
9.148438 115.146322
9.156250 115.150739
9.164062 115.154907
9.171875 115.158833
9.179688 115.162519
9.187500 115.165972
9.195312 115.169196
9.203125 115.172196
9.210938 115.174978
9.218750 115.177547
9.226562 115.179909
9.234375 115.182069
9.242188 115.184032
9.250000 115.185805
9.257812 115.187394
9.265625 115.188804
9.273438 115.190042
9.281250 115.191113
9.289062 115.192024
9.296875 115.192781
9.304688 115.193391
9.312500 115.193860
9.320312 115.194195
9.328125 115.194401
9.335938 115.194487
9.343750 115.194458
9.351562 115.194321
9.359375 115.194084
9.367188 115.193753
9.375000 115.193335
9.382812 115.192836
9.390625 115.192265
9.398438 115.191628
9.406250 115.190932
9.414062 115.190184
9.421875 115.189392
9.429688 115.188563
9.437500 115.187703
9.445312 115.186821
9.453125 115.185923
9.460938 115.185016
9.468750 115.184108
9.476562 115.183206
9.484375 115.182318
9.492188 115.181450
9.500000 115.180610
9.507812 115.179805
9.515625 115.179042
9.523438 115.178329
9.531250 115.177672
9.539062 115.177079
9.546875 115.176557
9.554688 115.176113
9.562500 115.175754
9.570312 115.175487
9.578125 115.175319
9.585938 115.175258
9.593750 115.175308
9.601562 115.175479
9.609375 115.175776
9.617188 115.176206
9.625000 115.176776
9.632812 115.177493
9.640625 115.178362
9.648438 115.179391
9.656250 115.180585
9.664062 115.181952
9.671875 115.183496
9.679688 115.185225
9.687500 115.187145
9.695312 115.189260
9.703125 115.191578
9.710938 115.194104
9.718750 115.196844
9.726562 115.199802
9.734375 115.202986
9.742188 115.206399
9.750000 115.210047
9.757812 115.213936
9.765625 115.218070
9.773438 115.222454
9.781250 115.227094
9.789062 115.231993
9.796875 115.237156
9.804688 115.242588
9.812500 115.248292
9.820312 115.254274
9.828125 115.260536
9.835938 115.267084
9.843750 115.273920
9.851562 115.281048
9.859375 115.288472
9.867188 115.296195
9.875000 115.304220
9.882812 115.312550
9.890625 115.321188
9.898438 115.330137
9.906250 115.339400
9.914062 115.348978
9.921875 115.358874
9.929688 115.369091
9.937500 115.379629
9.945312 115.390492
9.953125 115.401680
9.960938 115.413195
9.968750 115.425039
9.976562 115.437212
9.984375 115.449716
9.992188 115.462552
10.000000 115.475720
10.007812 115.489221
10.015625 115.503055
10.023438 115.517222
10.031250 115.531723
10.039062 115.546557
10.046875 115.561724
10.054688 115.577224
10.062500 115.593056
10.070312 115.609219
10.078125 115.625713
10.085938 115.642536
10.093750 115.659687
10.101562 115.677165
10.109375 115.694969
10.117188 115.713096
10.125000 115.731544
10.132812 115.750312
10.140625 115.769398
10.148438 115.788799
10.156250 115.808512
10.164062 115.828536
10.171875 115.848867
10.179688 115.869502
10.187500 115.890439
10.195312 115.911673
10.203125 115.933203
10.210938 115.955023
10.218750 115.977131
10.226562 115.999523
10.234375 116.022195
10.242188 116.045142
10.250000 116.068361
10.257812 116.091847
10.265625 116.115596
10.273438 116.139603
10.281250 116.163864
10.289062 116.188373
10.296875 116.213126
10.304688 116.238117
10.312500 116.263342
10.320312 116.288795
10.328125 116.314470
10.335938 116.340363
10.343750 116.366467
10.351562 116.392777
10.359375 116.419286
10.367188 116.445990
10.375000 116.472882
10.382812 116.499955
10.390625 116.527204
10.398438 116.554622
10.406250 116.582203
10.414062 116.609941
10.421875 116.637828
10.429688 116.665859
10.437500 116.694027
10.445312 116.722324
10.453125 116.750744
10.460938 116.779280
10.468750 116.807926
10.476562 116.836674
10.484375 116.865517
10.492188 116.894448
10.500000 116.923460
10.507812 116.952547
10.515625 116.981699
10.523438 117.010911
10.531250 117.040175
10.539062 117.069484
10.546875 117.098830
10.554688 117.128207
10.562500 117.157606
10.570312 117.187021
10.578125 117.216444
10.585938 117.245867
10.593750 117.275284
10.601562 117.304687
10.609375 117.334068
10.617188 117.363421
10.625000 117.392737
10.632812 117.422010
10.640625 117.451232
10.648438 117.480396
10.656250 117.509495
10.664062 117.538521
10.671875 117.567467
10.679688 117.596326
10.687500 117.625092
10.695312 117.653756
10.703125 117.682312
10.710938 117.710753
10.718750 117.739071
10.726562 117.767261
10.734375 117.795316
10.742188 117.823228
10.750000 117.850990
10.757812 117.878598
10.765625 117.906042
10.773438 117.933319
10.781250 117.960420
10.789062 117.987340
10.796875 118.014073
10.804688 118.040612
10.812500 118.066952
10.820312 118.093086
10.828125 118.119009
10.835938 118.144715
10.843750 118.170198
10.851562 118.195454
10.859375 118.220476
10.867188 118.245259
10.875000 118.269799
10.882812 118.294090
10.890625 118.318127
10.898438 118.341905
10.906250 118.365420
10.914062 118.388668
10.921875 118.411643
10.929688 118.434342
10.937500 118.456760
10.945312 118.478894
10.953125 118.500739
10.960938 118.522292
10.968750 118.543550
10.976562 118.564508
10.984375 118.585163
10.992188 118.605514
11.000000 118.625555
11.007812 118.645285
11.015625 118.664701
11.023438 118.683800
11.031250 118.702580
11.039062 118.721039
11.046875 118.739174
11.054688 118.756984
11.062500 118.774467
11.070312 118.791622
11.078125 118.808446
11.085938 118.824939
11.093750 118.841099
11.101562 118.856926
11.109375 118.872418
11.117188 118.887576
11.125000 118.902398
11.132812 118.916885
11.140625 118.931036
11.148438 118.944851
11.156250 118.958331
11.164062 118.971475
11.171875 118.984285
11.179688 118.996761
11.187500 119.008903
11.195312 119.020713
11.203125 119.032193
11.210938 119.043342
11.218750 119.054164
11.226562 119.064659
11.234375 119.074829
11.242188 119.084677
11.250000 119.094204
11.257812 119.103413
11.265625 119.112306
11.273438 119.120886
11.281250 119.129155
11.289062 119.137117
11.296875 119.144774
11.304688 119.152130
11.312500 119.159188
11.320312 119.165952
11.328125 119.172424
11.335938 119.178610
11.343750 119.184513
11.351562 119.190137
11.359375 119.195486
11.367188 119.200564
11.375000 119.205377
11.382812 119.209928
11.390625 119.214223
11.398438 119.218266
11.406250 119.222062
11.414062 119.225617
11.421875 119.228935
11.429688 119.232023
11.437500 119.234884
11.445312 119.237526
11.453125 119.239953
11.460938 119.242172
11.468750 119.244188
11.476562 119.246008
11.484375 119.247637
11.492188 119.249082
11.500000 119.250349
11.507812 119.251444
11.515625 119.252374
11.523438 119.253145
11.531250 119.253764
11.539062 119.254237
11.546875 119.254573
11.554688 119.254776
11.562500 119.254854
11.570312 119.254815
11.578125 119.254665
11.585938 119.254411
11.593750 119.254060
11.601562 119.253620
11.609375 119.253098
11.617188 119.252500
11.625000 119.251836
11.632812 119.251110
11.640625 119.250332
11.648438 119.249509
11.656250 119.248647
11.664062 119.247755
11.671875 119.246840
11.679688 119.245909
11.687500 119.244970
11.695312 119.244031
11.703125 119.243098
11.710938 119.242180
11.718750 119.241283
11.726562 119.240416
11.734375 119.239586
11.742188 119.238801
11.750000 119.238067
11.757812 119.237392
11.765625 119.236784
11.773438 119.236250
11.781250 119.235797
11.789062 119.235433
11.796875 119.235165
11.804688 119.235000
11.812500 119.234945
11.820312 119.235008
11.828125 119.235195
11.835938 119.235514
11.843750 119.235971
11.851562 119.236573
11.859375 119.237328
11.867188 119.238241
11.875000 119.239320
11.882812 119.240571
11.890625 119.242000
11.898438 119.243615
11.906250 119.245421
11.914062 119.247425
11.921875 119.249632
11.929688 119.252049
11.937500 119.254682
11.945312 119.257537
11.953125 119.260619
11.960938 119.263934
11.968750 119.267487
11.976562 119.271284
11.984375 119.275331
11.992188 119.279632
12.000000 119.284192
12.007812 119.289017
12.015625 119.294111
12.023438 119.299479
12.031250 119.305126
12.039062 119.311055
12.046875 119.317271
12.054688 119.323779
12.062500 119.330582
12.070312 119.337683
12.078125 119.345088
12.085938 119.352799
12.093750 119.360820
12.101562 119.369154
12.109375 119.377804
12.117188 119.386773
12.125000 119.396064
12.132812 119.405680
12.140625 119.415623
12.148438 119.425895
12.156250 119.436499
12.164062 119.447437
12.171875 119.458710
12.179688 119.470320
12.187500 119.482269
12.195312 119.494559
12.203125 119.507190
12.210938 119.520163
12.218750 119.533479
12.226562 119.547140
12.234375 119.561145
12.242188 119.575495
12.250000 119.590190
12.257812 119.605230
12.265625 119.620616
12.273438 119.636346
12.281250 119.652421
12.289062 119.668839
12.296875 119.685600
12.304688 119.702704
12.312500 119.720148
12.320312 119.737932
12.328125 119.756054
12.335938 119.774513
12.343750 119.793306
12.351562 119.812432
12.359375 119.831889
12.367188 119.851675
12.375000 119.871786
12.382812 119.892221
12.390625 119.912977
12.398438 119.934051
12.406250 119.955439
12.414062 119.977139
12.421875 119.999148
12.429688 120.021461
12.437500 120.044075
12.445312 120.066987
12.453125 120.090192
12.460938 120.113687
12.468750 120.137466
12.476562 120.161527
12.484375 120.185863
12.492188 120.210472
12.500000 120.235347
12.507812 120.260484
12.515625 120.285878
12.523438 120.311524
12.531250 120.337416
12.539062 120.363550
12.546875 120.389919
12.554688 120.416518
12.562500 120.443342
12.570312 120.470384
12.578125 120.497638
12.585938 120.525099
12.593750 120.552760
12.601562 120.580616
12.609375 120.608659
12.617188 120.636883
12.625000 120.665282
12.632812 120.693849
12.640625 120.722577
12.648438 120.751460
12.656250 120.780491
12.664062 120.809662
12.671875 120.838968
12.679688 120.868400
12.687500 120.897952
12.695312 120.927616
12.703125 120.957386
12.710938 120.987253
12.718750 121.017212
12.726562 121.047253
12.734375 121.077370
12.742188 121.107556
12.750000 121.137802
12.757812 121.168102
12.765625 121.198447
12.773438 121.228831
12.781250 121.259245
12.789062 121.289682
12.796875 121.320135
12.804688 121.350595
12.812500 121.381056
12.820312 121.411508
12.828125 121.441946
12.835938 121.472361
12.843750 121.502745
12.851562 121.533091
12.859375 121.563392
12.867188 121.593639
12.875000 121.623826
12.882812 121.653944
12.890625 121.683987
12.898438 121.713946
12.906250 121.743815
12.914062 121.773586
12.921875 121.803251
12.929688 121.832804
12.937500 121.862237
12.945312 121.891544
12.953125 121.920716
12.960938 121.949747
12.968750 121.978631
12.976562 122.007359
12.984375 122.035925
12.992188 122.064324
13.000000 122.092547
13.007812 122.120588
13.015625 122.148441
13.023438 122.176100
13.031250 122.203558
13.039062 122.230808
13.046875 122.257846
13.054688 122.284664
13.062500 122.311258
13.070312 122.337620
13.078125 122.363746
13.085938 122.389630
13.093750 122.415266
13.101562 122.440650
13.109375 122.465775
13.117188 122.490637
13.125000 122.515231
13.132812 122.539553
13.140625 122.563597
13.148438 122.587358
13.156250 122.610833
13.164062 122.634018
13.171875 122.656907
13.179688 122.679497
13.187500 122.701785
13.195312 122.723766
13.203125 122.745438
13.210938 122.766795
13.218750 122.787836
13.226562 122.808558
13.234375 122.828957
13.242188 122.849030
13.250000 122.868775
13.257812 122.888190
13.265625 122.907272
13.273438 122.926018
13.281250 122.944428
13.289062 122.962499
13.296875 122.980230
13.304688 122.997619
13.312500 123.014665
13.320312 123.031366
13.328125 123.047723
13.335938 123.063733
13.343750 123.079396
13.351562 123.094712
13.359375 123.109681
13.367188 123.124302
13.375000 123.138575
13.382812 123.152501
13.390625 123.166080
13.398438 123.179313
13.406250 123.192200
13.414062 123.204742
13.421875 123.216940
13.429688 123.228796
13.437500 123.240310
13.445312 123.251485
13.453125 123.262322
13.460938 123.272824
13.468750 123.282991
13.476562 123.292827
13.484375 123.302333
13.492188 123.311512
13.500000 123.320368
13.507812 123.328902
13.515625 123.337119
13.523438 123.345020
13.531250 123.352609
13.539062 123.359891
13.546875 123.366868
13.554688 123.373544
13.562500 123.379924
13.570312 123.386010
13.578125 123.391809
13.585938 123.397323
13.593750 123.402558
13.601562 123.407517
13.609375 123.412207
13.617188 123.416632
13.625000 123.420796
13.632812 123.424705
13.640625 123.428365
13.648438 123.431780
13.656250 123.434956
13.664062 123.437900
13.671875 123.440616
13.679688 123.443111
13.687500 123.445391
13.695312 123.447461
13.703125 123.449328
13.710938 123.450999
13.718750 123.452479
13.726562 123.453775
13.734375 123.454895
13.742188 123.455843
13.750000 123.456628
13.757812 123.457257
13.765625 123.457735
13.773438 123.458070
13.781250 123.458270
13.789062 123.458341
13.796875 123.458290
13.804688 123.458126
13.812500 123.457854
13.820312 123.457483
13.828125 123.457020
13.835938 123.456473
13.843750 123.455848
13.851562 123.455155
13.859375 123.454399
13.867188 123.453589
13.875000 123.452733
13.882812 123.451839
13.890625 123.450913
13.898438 123.449964
13.906250 123.448999
13.914062 123.448027
13.921875 123.447054
13.929688 123.446090
13.937500 123.445140
13.945312 123.444215
13.953125 123.443320
13.960938 123.442464
13.968750 123.441655
13.976562 123.440900
13.984375 123.440207
13.992188 123.439583
14.000000 123.439037
14.007812 123.438576
14.015625 123.438207
14.023438 123.437938
14.031250 123.437776
14.039062 123.437729
14.046875 123.437805
14.054688 123.438009
14.062500 123.438351
14.070312 123.438836
14.078125 123.439472
14.085938 123.440267
14.093750 123.441226
14.101562 123.442358
14.109375 123.443668
14.117188 123.445163
14.125000 123.446851
14.132812 123.448737
14.140625 123.450829
14.148438 123.453131
14.156250 123.455652
14.164062 123.458396
14.171875 123.461371
14.179688 123.464581
14.187500 123.468033
14.195312 123.471732
14.203125 123.475685
14.210938 123.479896
14.218750 123.484370
14.226562 123.489114
14.234375 123.494132
14.242188 123.499428
14.250000 123.505009
14.257812 123.510879
14.265625 123.517041
14.273438 123.523501
14.281250 123.530263
14.289062 123.537331
14.296875 123.544709
14.304688 123.552401
14.312500 123.560410
14.320312 123.568740
14.328125 123.577395
14.335938 123.586377
14.343750 123.595690
14.351562 123.605336
14.359375 123.615319
14.367188 123.625640
14.375000 123.636303
14.382812 123.647309
14.390625 123.658661
14.398438 123.670360
14.406250 123.682409
14.414062 123.694808
14.421875 123.707560
14.429688 123.720665
14.437500 123.734125
14.445312 123.747940
14.453125 123.762111
14.460938 123.776639
14.468750 123.791525
14.476562 123.806767
14.484375 123.822367
14.492188 123.838325
14.500000 123.854639
14.507812 123.871310
14.515625 123.888336
14.523438 123.905717
14.531250 123.923453
14.539062 123.941541
14.546875 123.959981
14.554688 123.978770
14.562500 123.997908
14.570312 124.017393
14.578125 124.037221
14.585938 124.057392
14.593750 124.077903
14.601562 124.098751
14.609375 124.119934
14.617188 124.141449
14.625000 124.163292
14.632812 124.185462
14.640625 124.207953
14.648438 124.230764
14.656250 124.253889
14.664062 124.277326
14.671875 124.301071
14.679688 124.325119
14.687500 124.349466
14.695312 124.374108
14.703125 124.399040
14.710938 124.424258
14.718750 124.449757
14.726562 124.475531
14.734375 124.501576
14.742188 124.527887
14.750000 124.554459
14.757812 124.581284
14.765625 124.608360
14.773438 124.635678
14.781250 124.663234
14.789062 124.691022
14.796875 124.719036
14.804688 124.747269
14.812500 124.775715
14.820312 124.804368
14.828125 124.833221
14.835938 124.862269
14.843750 124.891503
14.851562 124.920917
14.859375 124.950505
14.867188 124.980260
14.875000 125.010174
14.882812 125.040240
14.890625 125.070452
14.898438 125.100801
14.906250 125.131281
14.914062 125.161885
14.921875 125.192604
14.929688 125.223432
14.937500 125.254360
14.945312 125.285381
14.953125 125.316489
14.960938 125.347673
14.968750 125.378928
14.976562 125.410246
14.984375 125.441618
14.992188 125.473036
15.000000 125.504494
15.007812 125.535982
15.015625 125.567494
15.023438 125.599021
15.031250 125.630555
15.039062 125.662089
15.046875 125.693614
15.054688 125.725123
15.062500 125.756607
15.070312 125.788060
15.078125 125.819472
15.085938 125.850836
15.093750 125.882145
15.101562 125.913390
15.109375 125.944564
15.117188 125.975659
15.125000 126.006667
15.132812 126.037580
15.140625 126.068392
15.148438 126.099093
15.156250 126.129678
15.164062 126.160138
15.171875 126.190466
15.179688 126.220655
15.187500 126.250697
15.195312 126.280586
15.203125 126.310313
15.210938 126.339872
15.218750 126.369257
15.226562 126.398459
15.234375 126.427473
15.242188 126.456292
15.250000 126.484908
15.257812 126.513317
15.265625 126.541510
15.273438 126.569482
15.281250 126.597227
15.289062 126.624738
15.296875 126.652009
15.304688 126.679036
15.312500 126.705811
15.320312 126.732329
15.328125 126.758586
15.335938 126.784574
15.343750 126.810290
15.351562 126.835728
15.359375 126.860883
15.367188 126.885751
15.375000 126.910326
15.382812 126.934603
15.390625 126.958580
15.398438 126.982251
15.406250 127.005612
15.414062 127.028659
15.421875 127.051388
15.429688 127.073797
15.437500 127.095881
15.445312 127.117636
15.453125 127.139060
15.460938 127.160150
15.468750 127.180903
15.476562 127.201316
15.484375 127.221387
15.492188 127.241113
15.500000 127.260492
15.507812 127.279522
15.515625 127.298201
15.523438 127.316527
15.531250 127.334500
15.539062 127.352117
15.546875 127.369378
15.554688 127.386281
15.562500 127.402826
15.570312 127.419011
15.578125 127.434838
15.585938 127.450304
15.593750 127.465411
15.601562 127.480158
15.609375 127.494545
15.617188 127.508573
15.625000 127.522242
15.632812 127.535554
15.640625 127.548509
15.648438 127.561107
15.656250 127.573352
15.664062 127.585243
15.671875 127.596783
15.679688 127.607974
15.687500 127.618816
15.695312 127.629313
15.703125 127.639467
15.710938 127.649281
15.718750 127.658756
15.726562 127.667896
15.734375 127.676704
15.742188 127.685183
15.750000 127.693336
15.757812 127.701167
15.765625 127.708678
15.773438 127.715875
15.781250 127.722762
15.789062 127.729341
15.796875 127.735617
15.804688 127.741596
15.812500 127.747280
15.820312 127.752676
15.828125 127.757787
15.835938 127.762619
15.843750 127.767177
15.851562 127.771466
15.859375 127.775491
15.867188 127.779259
15.875000 127.782774
15.882812 127.786042
15.890625 127.789070
15.898438 127.791863
15.906250 127.794427
15.914062 127.796768
15.921875 127.798894
15.929688 127.800810
15.937500 127.802523
15.945312 127.804039
15.953125 127.805366
15.960938 127.806510
15.968750 127.807478
15.976562 127.808277
15.984375 127.808914
15.992188 127.809397
16.000000 127.809732
16.007812 127.809928
16.015625 127.809990
16.023438 127.809928
16.031250 127.809748
16.039062 127.809458
16.046875 127.809066
16.054688 127.808579
16.062500 127.808006
16.070312 127.807353
16.078125 127.806629
16.085938 127.805842
16.093750 127.805000
16.101562 127.804110
16.109375 127.803181
16.117188 127.802220
16.125000 127.801236
16.132812 127.800236
16.140625 127.799229
16.148438 127.798223
16.156250 127.797225
16.164062 127.796244
16.171875 127.795288
16.179688 127.794365
16.187500 127.793483
16.195312 127.792649
16.203125 127.791873
16.210938 127.791161
16.218750 127.790522
16.226562 127.789963
16.234375 127.789493
16.242188 127.789120
16.250000 127.788850
16.257812 127.788692
16.265625 127.788654
16.273438 127.788742
16.281250 127.788966
16.289062 127.789331
16.296875 127.789846
16.304688 127.790518
16.312500 127.791354
16.320312 127.792362
16.328125 127.793548
16.335938 127.794920
16.343750 127.796485
16.351562 127.798249
16.359375 127.800219
16.367188 127.802402
16.375000 127.804804
16.382812 127.807432
16.390625 127.810293
16.398438 127.813392
16.406250 127.816736
16.414062 127.820331
16.421875 127.824182
16.429688 127.828295
16.437500 127.832677
16.445312 127.837332
16.453125 127.842266
16.460938 127.847484
16.468750 127.852992
16.476562 127.858794
16.484375 127.864895
16.492188 127.871300
16.500000 127.878014
16.507812 127.885040
16.515625 127.892383
16.523438 127.900048
16.531250 127.908038
16.539062 127.916357
16.546875 127.925008
16.554688 127.933996
16.562500 127.943322
16.570312 127.952992
16.578125 127.963007
16.585938 127.973370
16.593750 127.984084
16.601562 127.995152
16.609375 128.006576
16.617188 128.018357
16.625000 128.030499
16.632812 128.043002
16.640625 128.055869
16.648438 128.069100
16.656250 128.082697
16.664062 128.096662
16.671875 128.110995
16.679688 128.125696
16.687500 128.140767
16.695312 128.156207
16.703125 128.172018
16.710938 128.188198
16.718750 128.204748
16.726562 128.221668
16.734375 128.238957
16.742188 128.256614
16.750000 128.274638
16.757812 128.293029
16.765625 128.311785
16.773438 128.330905
16.781250 128.350386
16.789062 128.370229
16.796875 128.390429
16.804688 128.410986
16.812500 128.431897
16.820312 128.453160
16.828125 128.474772
16.835938 128.496730
16.843750 128.519031
16.851562 128.541673
16.859375 128.564651
16.867188 128.587962
16.875000 128.611604
16.882812 128.635572
16.890625 128.659861
16.898438 128.684469
16.906250 128.709390
16.914062 128.734621
16.921875 128.760156
16.929688 128.785992
16.937500 128.812123
16.945312 128.838544
16.953125 128.865251
16.960938 128.892237
16.968750 128.919498
16.976562 128.947027
16.984375 128.974820
16.992188 129.002871
17.000000 129.031173
17.007812 129.059720
17.015625 129.088507
17.023438 129.117527
17.031250 129.146774
17.039062 129.176241
17.046875 129.205921
17.054688 129.235808
17.062500 129.265896
17.070312 129.296176
17.078125 129.326642
17.085938 129.357288
17.093750 129.388105
17.101562 129.419087
17.109375 129.450225
17.117188 129.481514
17.125000 129.512945
17.132812 129.544510
17.140625 129.576202
17.148438 129.608014
17.156250 129.639937
17.164062 129.671964
17.171875 129.704086
17.179688 129.736297
17.187500 129.768587
17.195312 129.800950
17.203125 129.833376
17.210938 129.865858
17.218750 129.898388
17.226562 129.930957
17.234375 129.963558
17.242188 129.996182
17.250000 130.028821
17.257812 130.061467
17.265625 130.094112
17.273438 130.126747
17.281250 130.159365
17.289062 130.191956
17.296875 130.224514
17.304688 130.257030
17.312500 130.289495
17.320312 130.321902
17.328125 130.354243
17.335938 130.386509
17.343750 130.418693
17.351562 130.450786
17.359375 130.482781
17.367188 130.514669
17.375000 130.546443
17.382812 130.578096
17.390625 130.609619
17.398438 130.641004
17.406250 130.672245
17.414062 130.703333
17.421875 130.734261
17.429688 130.765022
17.437500 130.795609
17.445312 130.826014
17.453125 130.856230
17.460938 130.886250
17.468750 130.916067
17.476562 130.945675
17.484375 130.975066
17.492188 131.004235
17.500000 131.033174
17.507812 131.061876
17.515625 131.090337
17.523438 131.118549
17.531250 131.146507
17.539062 131.174204
17.546875 131.201635
17.554688 131.228794
17.562500 131.255676
17.570312 131.282275
17.578125 131.308585
17.585938 131.334603
17.593750 131.360322
17.601562 131.385738
17.609375 131.410846
17.617188 131.435641
17.625000 131.460120
17.632812 131.484278
17.640625 131.508110
17.648438 131.531614
17.656250 131.554784
17.664062 131.577619
17.671875 131.600113
17.679688 131.622264
17.687500 131.644068
17.695312 131.665524
17.703125 131.686627
17.710938 131.707376
17.718750 131.727767
17.726562 131.747800
17.734375 131.767470
17.742188 131.786778
17.750000 131.805720
17.757812 131.824296
17.765625 131.842504
17.773438 131.860342
17.781250 131.877810
17.789062 131.894908
17.796875 131.911633
17.804688 131.927987
17.812500 131.943968
17.820312 131.959576
17.828125 131.974812
17.835938 131.989675
17.843750 132.004167
17.851562 132.018288
17.859375 132.032038
17.867188 132.045419
17.875000 132.058431
17.882812 132.071077
17.890625 132.083358
17.898438 132.095274
17.906250 132.106829
17.914062 132.118025
17.921875 132.128862
17.929688 132.139345
17.937500 132.149475
17.945312 132.159256
17.953125 132.168690
17.960938 132.177780
17.968750 132.186529
17.976562 132.194942
17.984375 132.203021
17.992188 132.210771
18.000000 132.218195
18.007812 132.225297
18.015625 132.232082
18.023438 132.238554
18.031250 132.244718
18.039062 132.250578
18.046875 132.256139
18.054688 132.261407
18.062500 132.266385
18.070312 132.271081
18.078125 132.275498
18.085938 132.279643
18.093750 132.283522
18.101562 132.287139
18.109375 132.290502
18.117188 132.293616
18.125000 132.296488
18.132812 132.299123
18.140625 132.301528
18.148438 132.303711
18.156250 132.305677
18.164062 132.307433
18.171875 132.308986
18.179688 132.310344
18.187500 132.311513
18.195312 132.312500
18.203125 132.313313
18.210938 132.313960
18.218750 132.314446
18.226562 132.314781
18.234375 132.314972
18.242188 132.315026
18.250000 132.314951
18.257812 132.314755
18.265625 132.314446
18.273438 132.314031
18.281250 132.313520
18.289062 132.312919
18.296875 132.312237
18.304688 132.311482
18.312500 132.310662
18.320312 132.309785
18.328125 132.308861
18.335938 132.307895
18.343750 132.306899
18.351562 132.305878
18.359375 132.304842
18.367188 132.303799
18.375000 132.302758
18.382812 132.301726
18.390625 132.300713
18.398438 132.299726
18.406250 132.298773
18.414062 132.297864
18.421875 132.297005
18.429688 132.296206
18.437500 132.295475
18.445312 132.294820
18.453125 132.294249
18.460938 132.293771
18.468750 132.293393
18.476562 132.293123
18.484375 132.292969
18.492188 132.292940
18.500000 132.293043
18.507812 132.293286
18.515625 132.293677
18.523438 132.294223
18.531250 132.294933
18.539062 132.295813
18.546875 132.296871
18.554688 132.298115
18.562500 132.299551
18.570312 132.301187
18.578125 132.303031
18.585938 132.305088
18.593750 132.307367
18.601562 132.309873
18.609375 132.312613
18.617188 132.315595
18.625000 132.318824
18.632812 132.322307
18.640625 132.326050
18.648438 132.330059
18.656250 132.334340
18.664062 132.338900
18.671875 132.343742
18.679688 132.348874
18.687500 132.354301
18.695312 132.360028
18.703125 132.366060
18.710938 132.372402
18.718750 132.379059
18.726562 132.386036
18.734375 132.393337
18.742188 132.400966
18.750000 132.408929
18.757812 132.417228
18.765625 132.425868
18.773438 132.434853
18.781250 132.444186
18.789062 132.453871
18.796875 132.463911
18.804688 132.474309
18.812500 132.485067
18.820312 132.496189
18.828125 132.507677
18.835938 132.519534
18.843750 132.531762
18.851562 132.544362
18.859375 132.557337
18.867188 132.570688
18.875000 132.584417
18.882812 132.598525
18.890625 132.613013
18.898438 132.627883
18.906250 132.643134
18.914062 132.658767
18.921875 132.674784
18.929688 132.691183
18.937500 132.707966
18.945312 132.725131
18.953125 132.742679
18.960938 132.760608
18.968750 132.778919
18.976562 132.797610
18.984375 132.816680
18.992188 132.836129
19.000000 132.855953
19.007812 132.876152
19.015625 132.896725
19.023438 132.917668
19.031250 132.938980
19.039062 132.960658
19.046875 132.982700
19.054688 133.005104
19.062500 133.027865
19.070312 133.050982
19.078125 133.074450
19.085938 133.098267
19.093750 133.122429
19.101562 133.146932
19.109375 133.171772
19.117188 133.196945
19.125000 133.222447
19.132812 133.248273
19.140625 133.274419
19.148438 133.300881
19.156250 133.327653
19.164062 133.354730
19.171875 133.382107
19.179688 133.409779
19.187500 133.437740
19.195312 133.465985
19.203125 133.494507
19.210938 133.523302
19.218750 133.552363
19.226562 133.581684
19.234375 133.611259
19.242188 133.641080
19.250000 133.671143
19.257812 133.701440
19.265625 133.731964
19.273438 133.762708
19.281250 133.793666
19.289062 133.824831
19.296875 133.856195
19.304688 133.887750
19.312500 133.919491
19.320312 133.951409
19.328125 133.983496
19.335938 134.015746
19.343750 134.048149
19.351562 134.080700
19.359375 134.113389
19.367188 134.146209
19.375000 134.179152
19.382812 134.212209
19.390625 134.245373
19.398438 134.278636
19.406250 134.311989
19.414062 134.345424
19.421875 134.378933
19.429688 134.412507
19.437500 134.446138
19.445312 134.479818
19.453125 134.513539
19.460938 134.547291
19.468750 134.581066
19.476562 134.614857
19.484375 134.648654
19.492188 134.682449
19.500000 134.716233
19.507812 134.749999
19.515625 134.783737
19.523438 134.817439
19.531250 134.851097
19.539062 134.884702
19.546875 134.918246
19.554688 134.951720
19.562500 134.985117
19.570312 135.018428
19.578125 135.051644
19.585938 135.084758
19.593750 135.117761
19.601562 135.150645
19.609375 135.183402
19.617188 135.216024
19.625000 135.248504
19.632812 135.280833
19.640625 135.313004
19.648438 135.345008
19.656250 135.376839
19.664062 135.408488
19.671875 135.439949
19.679688 135.471214
19.687500 135.502275
19.695312 135.533126
19.703125 135.563759
19.710938 135.594167
19.718750 135.624344
19.726562 135.654283
19.734375 135.683977
19.742188 135.713420
19.750000 135.742605
19.757812 135.771526
19.765625 135.800177
19.773438 135.828552
19.781250 135.856645
19.789062 135.884450
19.796875 135.911962
19.804688 135.939176
19.812500 135.966085
19.820312 135.992684
19.828125 136.018970
19.835938 136.044936
19.843750 136.070579
19.851562 136.095893
19.859375 136.120875
19.867188 136.145520
19.875000 136.169823
19.882812 136.193782
19.890625 136.217392
19.898438 136.240650
19.906250 136.263552
19.914062 136.286096
19.921875 136.308277
19.929688 136.330094
19.937500 136.351544
19.945312 136.372624
19.953125 136.393331
19.960938 136.413664
19.968750 136.433621
19.976562 136.453200
19.984375 136.472399
19.992188 136.491217
20.000000 136.509653
20.007812 136.527705
20.015625 136.545373
20.023438 136.562656
20.031250 136.579554
20.039062 136.596067
20.046875 136.612193
20.054688 136.627934
20.062500 136.643290
20.070312 136.658261
20.078125 136.672847
20.085938 136.687051
20.093750 136.700872
20.101562 136.714312
20.109375 136.727372
20.117188 136.740054
20.125000 136.752360
20.132812 136.764291
20.140625 136.775850
20.148438 136.787040
20.156250 136.797862
20.164062 136.808319
20.171875 136.818414
20.179688 136.828151
20.187500 136.837532
20.195312 136.846562
20.203125 136.855242
20.210938 136.863578
20.218750 136.871573
20.226562 136.879231
20.234375 136.886556
20.242188 136.893553
20.250000 136.900227
20.257812 136.906582
20.265625 136.912623
20.273438 136.918354
20.281250 136.923783
20.289062 136.928912
20.296875 136.933749
20.304688 136.938299
20.312500 136.942567
20.320312 136.946560
20.328125 136.950283
20.335938 136.953743
20.343750 136.956945
20.351562 136.959898
20.359375 136.962606
20.367188 136.965077
20.375000 136.967317
20.382812 136.969334
20.390625 136.971135
20.398438 136.972726
20.406250 136.974115
20.414062 136.975309
20.421875 136.976316
20.429688 136.977144
20.437500 136.977799
20.445312 136.978289
20.453125 136.978623
20.460938 136.978809
20.468750 136.978853
20.476562 136.978765
20.484375 136.978552
20.492188 136.978223
20.500000 136.977785
20.507812 136.977248
20.515625 136.976618
20.523438 136.975906
20.531250 136.975118
20.539062 136.974264
20.546875 136.973352
20.554688 136.972391
20.562500 136.971389
20.570312 136.970355
20.578125 136.969296
20.585938 136.968223
20.593750 136.967144
20.601562 136.966066
20.609375 136.964999
20.617188 136.963952
20.625000 136.962932
20.632812 136.961950
20.640625 136.961012
20.648438 136.960128
20.656250 136.959307
20.664062 136.958556
20.671875 136.957885
20.679688 136.957301
20.687500 136.956814
20.695312 136.956432
20.703125 136.956162
20.710938 136.956013
20.718750 136.955994
20.726562 136.956112
20.734375 136.956376
20.742188 136.956794
20.750000 136.957373
20.757812 136.958122
20.765625 136.959048
20.773438 136.960159
20.781250 136.961463
20.789062 136.962967
20.796875 136.964678
20.804688 136.966604
20.812500 136.968753
20.820312 136.971131
20.828125 136.973745
20.835938 136.976603
20.843750 136.979710
20.851562 136.983075
20.859375 136.986702
20.867188 136.990600
20.875000 136.994773
20.882812 136.999229
20.890625 137.003973
20.898438 137.009011
20.906250 137.014349
20.914062 137.019992
20.921875 137.025947
20.929688 137.032218
20.937500 137.038810
20.945312 137.045729
20.953125 137.052979
20.960938 137.060565
20.968750 137.068492
20.976562 137.076764
20.984375 137.085385
20.992188 137.094359
21.000000 137.103690
21.007812 137.113382
21.015625 137.123439
21.023438 137.133863
21.031250 137.144658
21.039062 137.155826
21.046875 137.167372
21.054688 137.179296
21.062500 137.191603
21.070312 137.204293
21.078125 137.217369
21.085938 137.230834
21.093750 137.244688
21.101562 137.258933
21.109375 137.273571
21.117188 137.288602
21.125000 137.304028
21.132812 137.319850
21.140625 137.336067
21.148438 137.352681
21.156250 137.369691
21.164062 137.387098
21.171875 137.404901
21.179688 137.423099
21.187500 137.441694
21.195312 137.460682
21.203125 137.480065
21.210938 137.499840
21.218750 137.520006
21.226562 137.540561
21.234375 137.561504
21.242188 137.582834
21.250000 137.604547
21.257812 137.626641
21.265625 137.649115
21.273438 137.671965
21.281250 137.695189
21.289062 137.718783
21.296875 137.742744
21.304688 137.767070
21.312500 137.791756
21.320312 137.816799
21.328125 137.842194
21.335938 137.867938
21.343750 137.894027
21.351562 137.920456
21.359375 137.947220
21.367188 137.974315
21.375000 138.001736
21.382812 138.029478
21.390625 138.057535
21.398438 138.085903
21.406250 138.114575
21.414062 138.143546
21.421875 138.172810
21.429688 138.202362
21.437500 138.232195
21.445312 138.262303
21.453125 138.292679
21.460938 138.323317
21.468750 138.354211
21.476562 138.385354
21.484375 138.416738
21.492188 138.448357
21.500000 138.480203
21.507812 138.512271
21.515625 138.544551
21.523438 138.577037
21.531250 138.609721
21.539062 138.642596
21.546875 138.675654
21.554688 138.708886
21.562500 138.742286
21.570312 138.775845
21.578125 138.809555
21.585938 138.843408
21.593750 138.877395
21.601562 138.911509
21.609375 138.945741
21.617188 138.980083
21.625000 139.014526
21.632812 139.049062
21.640625 139.083682
21.648438 139.118378
21.656250 139.153141
21.664062 139.187962
21.671875 139.222833
21.679688 139.257745
21.687500 139.292690
21.695312 139.327657
21.703125 139.362640
21.710938 139.397628
21.718750 139.432614
21.726562 139.467587
21.734375 139.502541
21.742188 139.537466
21.750000 139.572352
21.757812 139.607192
21.765625 139.641977
21.773438 139.676698
21.781250 139.711346
21.789062 139.745913
21.796875 139.780390
21.804688 139.814768
21.812500 139.849040
21.820312 139.883196
21.828125 139.917229
21.835938 139.951130
21.843750 139.984890
21.851562 140.018502
21.859375 140.051957
21.867188 140.085248
21.875000 140.118366
21.882812 140.151304
21.890625 140.184053
21.898438 140.216606
21.906250 140.248956
21.914062 140.281094
21.921875 140.313014
21.929688 140.344708
21.937500 140.376169
21.945312 140.407389
21.953125 140.438363
21.960938 140.469082
21.968750 140.499541
21.976562 140.529733
21.984375 140.559650
21.992188 140.589288
22.000000 140.618639
22.007812 140.647698
22.015625 140.676458
22.023438 140.704914
22.031250 140.733061
22.039062 140.760892
22.046875 140.788403
22.054688 140.815588
22.062500 140.842442
22.070312 140.868961
22.078125 140.895139
22.085938 140.920973
22.093750 140.946457
22.101562 140.971588
22.109375 140.996361
22.117188 141.020774
22.125000 141.044821
22.132812 141.068500
22.140625 141.091807
22.148438 141.114740
22.156250 141.137294
22.164062 141.159469
22.171875 141.181260
22.179688 141.202665
22.187500 141.223683
22.195312 141.244311
22.203125 141.264547
22.210938 141.284391
22.218750 141.303839
22.226562 141.322892
22.234375 141.341548
22.242188 141.359806
22.250000 141.377665
22.257812 141.395126
22.265625 141.412187
22.273438 141.428849
22.281250 141.445112
22.289062 141.460976
22.296875 141.476442
22.304688 141.491510
22.312500 141.506181
22.320312 141.520457
22.328125 141.534338
22.335938 141.547826
22.343750 141.560923
22.351562 141.573630
22.359375 141.585950
22.367188 141.597885
22.375000 141.609438
22.382812 141.620610
22.390625 141.631405
22.398438 141.641825
22.406250 141.651874
22.414062 141.661556
22.421875 141.670874
22.429688 141.679830
22.437500 141.688431
22.445312 141.696678
22.453125 141.704578
22.460938 141.712133
22.468750 141.719349
22.476562 141.726230
22.484375 141.732782
22.492188 141.739009
22.500000 141.744917
22.507812 141.750511
22.515625 141.755796
22.523438 141.760779
22.531250 141.765465
22.539062 141.769859
22.546875 141.773969
22.554688 141.777801
22.562500 141.781360
22.570312 141.784655
22.578125 141.787690
22.585938 141.790473
22.593750 141.793011
22.601562 141.795311
22.609375 141.797380
22.617188 141.799226
22.625000 141.800856
22.632812 141.802277
22.640625 141.803497
22.648438 141.804524
22.656250 141.805365
22.664062 141.806029
22.671875 141.806523
22.679688 141.806856
22.687500 141.807036
22.695312 141.807070
22.703125 141.806968
22.710938 141.806737
22.718750 141.806387
22.726562 141.805925
22.734375 141.805360
22.742188 141.804701
22.750000 141.803956
22.757812 141.803135
22.765625 141.802246
22.773438 141.801297
22.781250 141.800298
22.789062 141.799258
22.796875 141.798185
22.804688 141.797087
22.812500 141.795976
22.820312 141.794858
22.828125 141.793743
22.835938 141.792640
22.843750 141.791557
22.851562 141.790505
22.859375 141.789491
22.867188 141.788525
22.875000 141.787615
22.882812 141.786770
22.890625 141.785999
22.898438 141.785312
22.906250 141.784715
22.914062 141.784220
22.921875 141.783833
22.929688 141.783564
22.937500 141.783420
22.945312 141.783412
22.953125 141.783547
22.960938 141.783833
22.968750 141.784279
22.976562 141.784893
22.984375 141.785683
22.992188 141.786657
23.000000 141.787823
23.007812 141.789190
23.015625 141.790764
23.023438 141.792554
23.031250 141.794567
23.039062 141.796810
23.046875 141.799292
23.054688 141.802019
23.062500 141.804998
23.070312 141.808237
23.078125 141.811742
23.085938 141.815521
23.093750 141.819579
23.101562 141.823923
23.109375 141.828561
23.117188 141.833497
23.125000 141.838738
23.132812 141.844290
23.140625 141.850159
23.148438 141.856350
23.156250 141.862869
23.164062 141.869721
23.171875 141.876912
23.179688 141.884446
23.187500 141.892329
23.195312 141.900565
23.203125 141.909158
23.210938 141.918112
23.218750 141.927433
23.226562 141.937124
23.234375 141.947189
23.242188 141.957631
23.250000 141.968454
23.257812 141.979661
23.265625 141.991256
23.273438 142.003240
23.281250 142.015618
23.289062 142.028391
23.296875 142.041561
23.304688 142.055132
23.312500 142.069104
23.320312 142.083480
23.328125 142.098260
23.335938 142.113448
23.343750 142.129043
23.351562 142.145046
23.359375 142.161459
23.367188 142.178282
23.375000 142.195515
23.382812 142.213159
23.390625 142.231213
23.398438 142.249677
23.406250 142.268552
23.414062 142.287835
23.421875 142.307527
23.429688 142.327626
23.437500 142.348131
23.445312 142.369041
23.453125 142.390355
23.460938 142.412069
23.468750 142.434183
23.476562 142.456694
23.484375 142.479600
23.492188 142.502898
23.500000 142.526586
23.507812 142.550660
23.515625 142.575117
23.523438 142.599955
23.531250 142.625169
23.539062 142.650755
23.546875 142.676711
23.554688 142.703032
23.562500 142.729713
23.570312 142.756751
23.578125 142.784140
23.585938 142.811876
23.593750 142.839954
23.601562 142.868369
23.609375 142.897116
23.617188 142.926189
23.625000 142.955583
23.632812 142.985291
23.640625 143.015309
23.648438 143.045630
23.656250 143.076247
23.664062 143.107155
23.671875 143.138347
23.679688 143.169817
23.687500 143.201558
23.695312 143.233562
23.703125 143.265823
23.710938 143.298334
23.718750 143.331087
23.726562 143.364075
23.734375 143.397291
23.742188 143.430727
23.750000 143.464376
23.757812 143.498229
23.765625 143.532278
23.773438 143.566516
23.781250 143.600935
23.789062 143.635526
23.796875 143.670281
23.804688 143.705191
23.812500 143.740249
23.820312 143.775446
23.828125 143.810773
23.835938 143.846221
23.843750 143.881783
23.851562 143.917448
23.859375 143.953209
23.867188 143.989056
23.875000 144.024981
23.882812 144.060975
23.890625 144.097028
23.898438 144.133132
23.906250 144.169277
23.914062 144.205456
23.921875 144.241657
23.929688 144.277874
23.937500 144.314095
23.945312 144.350313
23.953125 144.386519
23.960938 144.422702
23.968750 144.458855
23.976562 144.494968
23.984375 144.531031
23.992188 144.567037
24.000000 144.602976
24.007812 144.638838
24.015625 144.674616
24.023438 144.710300
24.031250 144.745882
24.039062 144.781352
24.046875 144.816702
24.054688 144.851924
24.062500 144.887008
24.070312 144.921946
24.078125 144.956729
24.085938 144.991350
24.093750 145.025800
24.101562 145.060070
24.109375 145.094153
24.117188 145.128040
24.125000 145.161723
24.132812 145.195195
24.140625 145.228448
24.148438 145.261474
24.156250 145.294265
24.164062 145.326815
24.171875 145.359115
24.179688 145.391159
24.187500 145.422939
24.195312 145.454449
24.203125 145.485682
24.210938 145.516630
24.218750 145.547288
24.226562 145.577649
24.234375 145.607707
24.242188 145.637455
24.250000 145.666888
24.257812 145.696000
24.265625 145.724785
24.273438 145.753238
24.281250 145.781353
24.289062 145.809125
24.296875 145.836550
24.304688 145.863622
24.312500 145.890336
24.320312 145.916689
24.328125 145.942675
24.335938 145.968291
24.343750 145.993533
24.351562 146.018396
24.359375 146.042878
24.367188 146.066975
24.375000 146.090684
24.382812 146.114001
24.390625 146.136924
24.398438 146.159450
24.406250 146.181577
24.414062 146.203302
24.421875 146.224624
24.429688 146.245540
24.437500 146.266049
24.445312 146.286150
24.453125 146.305840
24.460938 146.325119
24.468750 146.343987
24.476562 146.362442
24.484375 146.380484
24.492188 146.398113
24.500000 146.415328
24.507812 146.432130
24.515625 146.448519
24.523438 146.464496
24.531250 146.480061
24.539062 146.495215
24.546875 146.509960
24.554688 146.524297
24.562500 146.538227
24.570312 146.551752
24.578125 146.564874
24.585938 146.577596
24.593750 146.589918
24.601562 146.601845
24.609375 146.613379
24.617188 146.624522
24.625000 146.635278
24.632812 146.645650
24.640625 146.655642
24.648438 146.665257
24.656250 146.674499
24.664062 146.683372
24.671875 146.691880
24.679688 146.700028
24.687500 146.707821
24.695312 146.715262
24.703125 146.722358
24.710938 146.729113
24.718750 146.735532
24.726562 146.741621
24.734375 146.747385
24.742188 146.752831
24.750000 146.757963
24.757812 146.762789
24.765625 146.767314
24.773438 146.771545
24.781250 146.775488
24.789062 146.779150
24.796875 146.782538
24.804688 146.785658
24.812500 146.788518
24.820312 146.791125
24.828125 146.793486
24.835938 146.795609
24.843750 146.797501
24.851562 146.799170
24.859375 146.800624
24.867188 146.801870
24.875000 146.802917
24.882812 146.803772
24.890625 146.804445
24.898438 146.804942
24.906250 146.805274
24.914062 146.805447
24.921875 146.805470
24.929688 146.805353
24.937500 146.805104
24.945312 146.804731
24.953125 146.804244
24.960938 146.803651
24.968750 146.802961
24.976562 146.802183
24.984375 146.801327
24.992188 146.800401
25.000000 146.799414
25.007812 146.798376
25.015625 146.797296
25.023438 146.796182
25.031250 146.795045
25.039062 146.793893
25.046875 146.792735
25.054688 146.791582
25.062500 146.790441
25.070312 146.789323
25.078125 146.788236
25.085938 146.787190
25.093750 146.786195
25.101562 146.785258
25.109375 146.784389
25.117188 146.783598
25.125000 146.782894
25.132812 146.782285
25.140625 146.781781
25.148438 146.781390
25.156250 146.781121
25.164062 146.780985
25.171875 146.780988
25.179688 146.781140
25.187500 146.781449
25.195312 146.781925
25.203125 146.782575
25.210938 146.783408
25.218750 146.784433
25.226562 146.785657
25.234375 146.787089
25.242188 146.788737
25.250000 146.790609
25.257812 146.792712
25.265625 146.795055
25.273438 146.797645
25.281250 146.800490
25.289062 146.803596
25.296875 146.806971
25.304688 146.810623
25.312500 146.814558
25.320312 146.818784
25.328125 146.823306
25.335938 146.828132
25.343750 146.833268
25.351562 146.838720
25.359375 146.844495
25.367188 146.850598
25.375000 146.857035
25.382812 146.863812
25.390625 146.870935
25.398438 146.878408
25.406250 146.886238
25.414062 146.894428
25.421875 146.902984
25.429688 146.911911
25.437500 146.921213
25.445312 146.930894
25.453125 146.940958
25.460938 146.951409
25.468750 146.962252
25.476562 146.973489
25.484375 146.985125
25.492188 146.997161
25.500000 147.009601
25.507812 147.022449
25.515625 147.035706
25.523438 147.049375
25.531250 147.063458
25.539062 147.077957
25.546875 147.092874
25.554688 147.108211
25.562500 147.123968
25.570312 147.140148
25.578125 147.156750
25.585938 147.173777
25.593750 147.191228
25.601562 147.209103
25.609375 147.227404
25.617188 147.246130
25.625000 147.265280
25.632812 147.284854
25.640625 147.304852
25.648438 147.325273
25.656250 147.346116
25.664062 147.367378
25.671875 147.389060
25.679688 147.411159
25.687500 147.433673
25.695312 147.456601
25.703125 147.479939
25.710938 147.503686
25.718750 147.527839
25.726562 147.552394
25.734375 147.577350
25.742188 147.602702
25.750000 147.628447
25.757812 147.654582
25.765625 147.681102
25.773438 147.708004
25.781250 147.735283
25.789062 147.762936
25.796875 147.790957
25.804688 147.819341
25.812500 147.848084
25.820312 147.877181
25.828125 147.906626
25.835938 147.936414
25.843750 147.966540
25.851562 147.996997
25.859375 148.027779
25.867188 148.058881
25.875000 148.090296
25.882812 148.122018
25.890625 148.154040
25.898438 148.186356
25.906250 148.218958
25.914062 148.251840
25.921875 148.284995
25.929688 148.318415
25.937500 148.352092
25.945312 148.386020
25.953125 148.420191
25.960938 148.454597
25.968750 148.489230
25.976562 148.524083
25.984375 148.559146
25.992188 148.594412
26.000000 148.629872
26.007812 148.665519
26.015625 148.701344
26.023438 148.737337
26.031250 148.773492
26.039062 148.809797
26.046875 148.846246
26.054688 148.882829
26.062500 148.919537
26.070312 148.956361
26.078125 148.993292
26.085938 149.030321
26.093750 149.067439
26.101562 149.104636
26.109375 149.141904
26.117188 149.179233
26.125000 149.216613
26.132812 149.254036
26.140625 149.291492
26.148438 149.328971
26.156250 149.366465
26.164062 149.403963
26.171875 149.441457
26.179688 149.478937
26.187500 149.516394
26.195312 149.553818
26.203125 149.591200
26.210938 149.628530
26.218750 149.665799
26.226562 149.702999
26.234375 149.740119
26.242188 149.777150
26.250000 149.814083
26.257812 149.850910
26.265625 149.887621
26.273438 149.924206
26.281250 149.960657
26.289062 149.996966
26.296875 150.033123
26.304688 150.069119
26.312500 150.104945
26.320312 150.140594
26.328125 150.176057
26.335938 150.211324
26.343750 150.246389
26.351562 150.281242
26.359375 150.315875
26.367188 150.350281
26.375000 150.384451
26.382812 150.418378
26.390625 150.452054
26.398438 150.485471
26.406250 150.518622
26.414062 150.551500
26.421875 150.584097
26.429688 150.616406
26.437500 150.648421
26.445312 150.680134
26.453125 150.711540
26.460938 150.742631
26.468750 150.773401
26.476562 150.803844
26.484375 150.833955
26.492188 150.863726
26.500000 150.893153
26.507812 150.922230
26.515625 150.950952
26.523438 150.979313
26.531250 151.007309
26.539062 151.034934
26.546875 151.062184
26.554688 151.089055
26.562500 151.115542
26.570312 151.141641
26.578125 151.167349
26.585938 151.192661
26.593750 151.217574
26.601562 151.242085
26.609375 151.266190
26.617188 151.289888
26.625000 151.313174
26.632812 151.336046
26.640625 151.358503
26.648438 151.380542
26.656250 151.402160
26.664062 151.423357
26.671875 151.444131
26.679688 151.464481
26.687500 151.484404
26.695312 151.503902
26.703125 151.522972
26.710938 151.541614
26.718750 151.559829
26.726562 151.577616
26.734375 151.594975
26.742188 151.611906
26.750000 151.628411
26.757812 151.644490
26.765625 151.660143
26.773438 151.675373
26.781250 151.690180
26.789062 151.704566
26.796875 151.718534
26.804688 151.732084
26.812500 151.745220
26.820312 151.757943
26.828125 151.770256
26.835938 151.782163
26.843750 151.793666
26.851562 151.804768
26.859375 151.815473
26.867188 151.825784
26.875000 151.835706
26.882812 151.845242
26.890625 151.854397
26.898438 151.863174
26.906250 151.871579
26.914062 151.879616
26.921875 151.887290
26.929688 151.894606
26.937500 151.901570
26.945312 151.908187
26.953125 151.914463
26.960938 151.920403
26.968750 151.926013
26.976562 151.931300
26.984375 151.936270
26.992188 151.940929
27.000000 151.945284
27.007812 151.949342
27.015625 151.953110
27.023438 151.956594
27.031250 151.959801
27.039062 151.962740
27.046875 151.965418
27.054688 151.967842
27.062500 151.970019
27.070312 151.971959
27.078125 151.973668
27.085938 151.975155
27.093750 151.976427
27.101562 151.977494
27.109375 151.978364
27.117188 151.979045
27.125000 151.979546
27.132812 151.979874
27.140625 151.980041
27.148438 151.980053
27.156250 151.979920
27.164062 151.979651
27.171875 151.979255
27.179688 151.978741
27.187500 151.978118
27.195312 151.977396
27.203125 151.976584
27.210938 151.975691
27.218750 151.974727
27.226562 151.973701
27.234375 151.972622
27.242188 151.971500
27.250000 151.970345
27.257812 151.969166
27.265625 151.967973
27.273438 151.966775
27.281250 151.965581
27.289062 151.964402
27.296875 151.963247
27.304688 151.962125
27.312500 151.961046
27.320312 151.960020
27.328125 151.959055
27.335938 151.958162
27.343750 151.957351
27.351562 151.956629
27.359375 151.956007
27.367188 151.955494
27.375000 151.955100
27.382812 151.954833
27.390625 151.954703
27.398438 151.954719
27.406250 151.954889
27.414062 151.955224
27.421875 151.955731
27.429688 151.956419
27.437500 151.957298
27.445312 151.958375
27.453125 151.959660
27.460938 151.961161
27.468750 151.962886
27.476562 151.964843
27.484375 151.967041
27.492188 151.969487
27.500000 151.972189
27.507812 151.975156
27.515625 151.978395
27.523438 151.981913
27.531250 151.985717
27.539062 151.989815
27.546875 151.994215
27.554688 151.998922
27.562500 152.003945
27.570312 152.009288
27.578125 152.014960
27.585938 152.020966
27.593750 152.027313
27.601562 152.034006
27.609375 152.041051
27.617188 152.048454
27.625000 152.056222
27.632812 152.064358
27.640625 152.072868
27.648438 152.081757
27.656250 152.091030
27.664062 152.100692
27.671875 152.110747
27.679688 152.121199
27.687500 152.132052
27.695312 152.143311
27.703125 152.154978
27.710938 152.167057
27.718750 152.179552
27.726562 152.192466
27.734375 152.205801
27.742188 152.219561
27.750000 152.233747
27.757812 152.248362
27.765625 152.263408
27.773438 152.278886
27.781250 152.294799
27.789062 152.311148
27.796875 152.327934
27.804688 152.345158
27.812500 152.362821
27.820312 152.380923
27.828125 152.399466
27.835938 152.418448
27.843750 152.437870
27.851562 152.457731
27.859375 152.478032
27.867188 152.498771
27.875000 152.519948
27.882812 152.541561
27.890625 152.563609
27.898438 152.586090
27.906250 152.609004
27.914062 152.632347
27.921875 152.656118
27.929688 152.680314
27.937500 152.704933
27.945312 152.729971
27.953125 152.755427
27.960938 152.781296
27.968750 152.807575
27.976562 152.834262
27.984375 152.861351
27.992188 152.888838
28.000000 152.916721
28.007812 152.944994
28.015625 152.973653
28.023438 153.002693
28.031250 153.032108
28.039062 153.061895
28.046875 153.092048
28.054688 153.122560
28.062500 153.153427
28.070312 153.184643
28.078125 153.216202
28.085938 153.248097
28.093750 153.280322
28.101562 153.312871
28.109375 153.345737
28.117188 153.378913
28.125000 153.412392
28.132812 153.446168
28.140625 153.480233
28.148438 153.514579
28.156250 153.549199
28.164062 153.584086
28.171875 153.619231
28.179688 153.654626
28.187500 153.690265
28.195312 153.726138
28.203125 153.762237
28.210938 153.798554
28.218750 153.835080
28.226562 153.871806
28.234375 153.908725
28.242188 153.945827
28.250000 153.983104
28.257812 154.020545
28.265625 154.058144
28.273438 154.095889
28.281250 154.133772
28.289062 154.171784
28.296875 154.209916
28.304688 154.248157
28.312500 154.286500
28.320312 154.324933
28.328125 154.363448
28.335938 154.402035
28.343750 154.440684
28.351562 154.479386
28.359375 154.518131
28.367188 154.556910
28.375000 154.595712
28.382812 154.634528
28.390625 154.673348
28.398438 154.712163
28.406250 154.750962
28.414062 154.789737
28.421875 154.828476
28.429688 154.867172
28.437500 154.905813
28.445312 154.944390
28.453125 154.982894
28.460938 155.021316
28.468750 155.059644
28.476562 155.097871
28.484375 155.135986
28.492188 155.173980
28.500000 155.211844
28.507812 155.249568
28.515625 155.287144
28.523438 155.324562
28.531250 155.361812
28.539062 155.398887
28.546875 155.435777
28.554688 155.472473
28.562500 155.508967
28.570312 155.545249
28.578125 155.581312
28.585938 155.617147
28.593750 155.652746
28.601562 155.688100
28.609375 155.723202
28.617188 155.758043
28.625000 155.792615
28.632812 155.826912
28.640625 155.860925
28.648438 155.894646
28.656250 155.928069
28.664062 155.961187
28.671875 155.993992
28.679688 156.026478
28.687500 156.058638
28.695312 156.090465
28.703125 156.121953
28.710938 156.153096
28.718750 156.183888
28.726562 156.214322
28.734375 156.244394
28.742188 156.274097
28.750000 156.303427
28.757812 156.332378
28.765625 156.360945
28.773438 156.389124
28.781250 156.416909
28.789062 156.444297
28.796875 156.471282
28.804688 156.497863
28.812500 156.524033
28.820312 156.549790
28.828125 156.575130
28.835938 156.600051
28.843750 156.624548
28.851562 156.648620
28.859375 156.672263
28.867188 156.695476
28.875000 156.718255
28.882812 156.740600
28.890625 156.762508
28.898438 156.783978
28.906250 156.805008
28.914062 156.825598
28.921875 156.845746
28.929688 156.865452
28.937500 156.884715
28.945312 156.903535
28.953125 156.921912
28.960938 156.939846
28.968750 156.957338
28.976562 156.974388
28.984375 156.990997
28.992188 157.007166
29.000000 157.022896
29.007812 157.038189
29.015625 157.053047
29.023438 157.067471
29.031250 157.081463
29.039062 157.095026
29.046875 157.108163
29.054688 157.120876
29.062500 157.133167
29.070312 157.145041
29.078125 157.156500
29.085938 157.167549
29.093750 157.178190
29.101562 157.188429
29.109375 157.198268
29.117188 157.207713
29.125000 157.216767
29.132812 157.225437
29.140625 157.233726
29.148438 157.241640
29.156250 157.249184
29.164062 157.256363
29.171875 157.263184
29.179688 157.269652
29.187500 157.275773
29.195312 157.281553
29.203125 157.286999
29.210938 157.292117
29.218750 157.296915
29.226562 157.301398
29.234375 157.305573
29.242188 157.309449
29.250000 157.313032
29.257812 157.316330
29.265625 157.319349
29.273438 157.322099
29.281250 157.324587
29.289062 157.326821
29.296875 157.328809
29.304688 157.330559
29.312500 157.332079
29.320312 157.333379
29.328125 157.334467
29.335938 157.335350
29.343750 157.336039
29.351562 157.336543
29.359375 157.336869
29.367188 157.337027
29.375000 157.337027
29.382812 157.336877
29.390625 157.336588
29.398438 157.336167
29.406250 157.335626
29.414062 157.334972
29.421875 157.334217
29.429688 157.333369
29.437500 157.332438
29.445312 157.331434
29.453125 157.330367
29.460938 157.329246
29.468750 157.328082
29.476562 157.326883
29.484375 157.325661
29.492188 157.324425
29.500000 157.323184
29.507812 157.321950
29.515625 157.320731
29.523438 157.319537
29.531250 157.318379
29.539062 157.317266
29.546875 157.316209
29.554688 157.315216
29.562500 157.314298
29.570312 157.313465
29.578125 157.312726
29.585938 157.312092
29.593750 157.311571
29.601562 157.311173
29.609375 157.310908
29.617188 157.310785
29.625000 157.310814
29.632812 157.311005
29.640625 157.311365
29.648438 157.311905
29.656250 157.312634
29.664062 157.313560
29.671875 157.314693
29.679688 157.316041
29.687500 157.317614
29.695312 157.319419
29.703125 157.321465
29.710938 157.323761
29.718750 157.326315
29.726562 157.329136
29.734375 157.332230
29.742188 157.335606
29.750000 157.339272
29.757812 157.343236
29.765625 157.347504
29.773438 157.352085
29.781250 157.356985
29.789062 157.362211
29.796875 157.367771
29.804688 157.373671
29.812500 157.379918
29.820312 157.386517
29.828125 157.393476
29.835938 157.400800
29.843750 157.408495
29.851562 157.416568
29.859375 157.425022
29.867188 157.433865
29.875000 157.443100
29.882812 157.452733
29.890625 157.462769
29.898438 157.473212
29.906250 157.484066
29.914062 157.495337
29.921875 157.507027
29.929688 157.519140
29.937500 157.531681
29.945312 157.544652
29.953125 157.558057
29.960938 157.571898
29.968750 157.586179
29.976562 157.600902
29.984375 157.616069
29.992188 157.631682
30.000000 157.647743
