0.000000 100.000000
0.007812 100.000000
0.015625 100.000000
0.023438 100.000000
0.031250 100.000000
0.039062 100.000000
0.046875 100.000000
0.054688 100.000000
0.062500 100.000000
0.070312 100.000000
0.078125 100.000000
0.085938 100.000000
0.093750 100.000000
0.101562 100.000000
0.109375 100.000000
0.117188 100.000000
0.125000 100.000000
0.132812 100.000000
0.140625 100.000000
0.148438 100.000000
0.156250 100.000000
0.164062 100.000000
0.171875 100.000000
0.179688 100.000000
0.187500 100.000000
0.195312 100.000000
0.203125 100.000000
0.210938 100.000000
0.218750 100.000000
0.226562 100.000000
0.234375 100.000000
0.242188 100.000000
0.250000 100.000000
0.257812 100.000000
0.265625 100.000000
0.273438 100.000000
0.281250 100.000000
0.289062 100.000000
0.296875 100.000000
0.304688 100.000000
0.312500 100.000000
0.320312 100.000000
0.328125 100.000000
0.335938 100.000000
0.343750 100.000000
0.351562 100.000000
0.359375 100.000000
0.367188 100.000000
0.375000 100.000000
0.382812 100.000000
0.390625 100.000000
0.398438 100.000000
0.406250 100.000000
0.414062 100.000000
0.421875 100.000000
0.429688 100.000000
0.437500 100.000000
0.445312 100.000000
0.453125 100.000000
0.460938 100.000000
0.468750 100.000000
0.476562 100.000000
0.484375 100.000000
0.492188 100.000000
0.500000 100.000000
0.507812 100.000000
0.515625 100.000000
0.523438 100.000000
0.531250 100.000000
0.539062 100.000000
0.546875 100.000000
0.554688 100.000000
0.562500 100.000000
0.570312 100.000000
0.578125 100.000000
0.585938 100.000000
0.593750 100.000000
0.601562 100.000000
0.609375 100.000000
0.617188 100.000000
0.625000 100.000000
0.632812 100.000000
0.640625 100.000000
0.648438 100.000000
0.656250 100.000000
0.664062 100.000000
0.671875 100.000000
0.679688 100.000000
0.687500 100.000000
0.695312 100.000000
0.703125 100.000000
0.710938 100.000000
0.718750 100.000000
0.726562 100.000000
0.734375 100.000000
0.742188 100.000000
0.750000 100.000000
0.757812 100.000000
0.765625 100.000000
0.773438 100.000000
0.781250 100.000000
0.789062 100.000000
0.796875 100.000000
0.804688 100.000000
0.812500 100.000000
0.820312 100.000000
0.828125 100.000000
0.835938 100.000000
0.843750 100.000000
0.851562 100.000000
0.859375 100.000000
0.867188 100.000000
0.875000 100.000000
0.882812 100.000000
0.890625 100.000000
0.898438 100.000000
0.906250 100.000000
0.914062 100.000000
0.921875 100.000000
0.929688 100.000000
0.937500 100.000000
0.945312 100.000000
0.953125 100.000000
0.960938 100.000000
0.968750 100.000000
0.976562 100.000000
0.984375 100.000000
0.992188 100.000000
1.000000 100.000000
1.007812 100.000000
1.015625 100.000000
1.023438 100.000000
1.031250 100.000000
1.039062 100.000000
1.046875 100.000000
1.054688 100.000000
1.062500 100.000000
1.070312 100.000000
1.078125 100.000000
1.085938 100.000000
1.093750 100.000000
1.101562 100.000000
1.109375 100.000000
1.117188 100.000000
1.125000 100.000000
1.132812 100.000000
1.140625 100.000000
1.148438 100.000000
1.156250 100.000000
1.164062 100.000000
1.171875 100.000000
1.179688 100.000000
1.187500 100.000000
1.195312 100.000000
1.203125 100.000000
1.210938 100.000000
1.218750 100.000000
1.226562 100.000000
1.234375 100.000000
1.242188 100.000000
1.250000 100.000000
1.257812 100.000000
1.265625 100.000000
1.273438 100.000000
1.281250 100.000000
1.289062 100.000000
1.296875 100.000000
1.304688 100.000000
1.312500 100.000000
1.320312 100.000000
1.328125 100.000000
1.335938 100.000000
1.343750 100.000000
1.351562 100.000000
1.359375 100.000000
1.367188 100.000000
1.375000 100.000000
1.382812 100.000000
1.390625 100.000000
1.398438 100.000000
1.406250 100.000000
1.414062 100.000000
1.421875 100.000000
1.429688 100.000000
1.437500 100.000000
1.445312 100.000000
1.453125 100.000000
1.460938 100.000000
1.468750 100.000000
1.476562 100.000000
1.484375 100.000000
1.492188 100.000000
1.500000 100.000000
1.507812 100.000000
1.515625 100.000000
1.523438 100.000000
1.531250 100.000000
1.539062 100.000000
1.546875 100.000000
1.554688 100.000000
1.562500 100.000000
1.570312 100.000000
1.578125 100.000000
1.585938 100.000000
1.593750 100.000000
1.601562 100.000000
1.609375 100.000000
1.617188 100.000000
1.625000 100.000000
1.632812 100.000000
1.640625 100.000000
1.648438 100.000000
1.656250 100.000000
1.664062 100.000000
1.671875 100.000000
1.679688 100.000000
1.687500 100.000000
1.695312 100.000000
1.703125 100.000000
1.710938 100.000000
1.718750 100.000000
1.726562 100.000000
1.734375 100.000000
1.742188 100.000000
1.750000 100.000000
1.757812 100.000000
1.765625 100.000000
1.773438 100.000000
1.781250 100.000000
1.789062 100.000000
1.796875 100.000000
1.804688 100.000000
1.812500 100.000000
1.820312 100.000000
1.828125 100.000000
1.835938 100.000000
1.843750 100.000000
1.851562 100.000000
1.859375 100.000000
1.867188 100.000000
1.875000 100.000000
1.882812 100.000000
1.890625 100.000000
1.898438 100.000000
1.906250 100.000000
1.914062 100.000000
1.921875 100.000000
1.929688 100.000000
1.937500 100.000000
1.945312 100.000000
1.953125 100.000000
1.960938 100.000000
1.968750 100.000000
1.976562 100.000000
1.984375 100.000000
1.992188 100.000000
2.000000 100.000000
2.007812 100.000000
2.015625 100.000000
2.023438 100.000000
2.031250 100.000000
2.039062 100.000000
2.046875 100.000000
2.054688 100.000000
2.062500 100.000000
2.070312 100.000000
2.078125 100.000000
2.085938 100.000000
2.093750 100.000000
2.101562 100.000000
2.109375 100.000000
2.117188 100.000000
2.125000 100.000000
2.132812 100.000000
2.140625 100.000000
2.148438 100.000000
2.156250 100.000000
2.164062 100.000000
2.171875 100.000000
2.179688 100.000000
2.187500 100.000000
2.195312 100.000000
2.203125 100.000000
2.210938 100.000000
2.218750 100.000000
2.226562 100.000000
2.234375 100.000000
2.242188 100.000000
2.250000 100.000000
2.257812 100.000000
2.265625 100.000000
2.273438 100.000000
2.281250 100.000000
2.289062 100.000000
2.296875 100.000000
2.304688 100.000000
2.312500 100.000000
2.320312 100.000000
2.328125 100.000000
2.335938 100.000000
2.343750 100.000000
2.351562 100.000000
2.359375 100.000000
2.367188 100.000000
2.375000 100.000000
2.382812 100.000000
2.390625 100.000000
2.398438 100.000000
2.406250 100.000000
2.414062 100.000000
2.421875 100.000000
2.429688 100.000000
2.437500 100.000000
2.445312 100.000000
2.453125 100.000000
2.460938 100.000000
2.468750 100.000000
2.476562 100.000000
2.484375 100.000000
2.492188 100.000000
2.500000 100.000000
2.507812 100.000000
2.515625 100.000000
2.523438 100.000000
2.531250 100.000000
2.539062 100.000000
2.546875 100.000000
2.554688 100.000000
2.562500 100.000000
2.570312 100.000000
2.578125 100.000000
2.585938 100.000000
2.593750 100.000000
2.601562 100.000000
2.609375 100.000000
2.617188 100.000000
2.625000 100.000000
2.632812 100.000000
2.640625 100.000000
2.648438 100.000000
2.656250 100.000000
2.664062 100.000000
2.671875 100.000000
2.679688 100.000000
2.687500 100.000000
2.695312 100.000000
2.703125 100.000000
2.710938 100.000000
2.718750 100.000000
2.726562 100.000000
2.734375 100.000000
2.742188 100.000000
2.750000 100.000000
2.757812 100.000000
2.765625 100.000000
2.773438 100.000000
2.781250 100.000000
2.789062 100.000000
2.796875 100.000000
2.804688 100.000000
2.812500 100.000000
2.820312 100.000000
2.828125 100.000000
2.835938 100.000000
2.843750 100.000000
2.851562 100.000000
2.859375 100.000000
2.867188 100.000000
2.875000 100.000000
2.882812 100.000000
2.890625 100.000000
2.898438 100.000000
2.906250 100.000000
2.914062 100.000000
2.921875 100.000000
2.929688 100.000000
2.937500 100.000000
2.945312 100.000000
2.953125 100.000000
2.960938 100.000000
2.968750 100.000000
2.976562 100.000000
2.984375 100.000000
2.992188 100.000000
3.000000 100.000000
3.007812 100.000000
3.015625 100.000000
3.023438 100.000000
3.031250 100.000000
3.039062 100.000000
3.046875 100.000000
3.054688 100.000000
3.062500 100.000000
3.070312 100.000000
3.078125 100.000000
3.085938 100.000000
3.093750 100.000000
3.101562 100.000000
3.109375 100.000000
3.117188 100.000000
3.125000 100.000000
3.132812 100.000000
3.140625 100.000000
3.148438 100.000000
3.156250 100.000000
3.164062 100.000000
3.171875 100.000000
3.179688 100.000000
3.187500 100.000000
3.195312 100.000000
3.203125 100.000000
3.210938 100.000000
3.218750 100.000000
3.226562 100.000000
3.234375 100.000000
3.242188 100.000000
3.250000 100.000000
3.257812 100.000000
3.265625 100.000000
3.273438 100.000000
3.281250 100.000000
3.289062 100.000000
3.296875 100.000000
3.304688 100.000000
3.312500 100.000000
3.320312 100.000000
3.328125 100.000000
3.335938 100.000000
3.343750 100.000000
3.351562 100.000000
3.359375 100.000000
3.367188 100.000000
3.375000 100.000000
3.382812 100.000000
3.390625 100.000000
3.398438 100.000000
3.406250 100.000000
3.414062 100.000000
3.421875 100.000000
3.429688 100.000000
3.437500 100.000000
3.445312 100.000000
3.453125 100.000000
3.460938 100.000000
3.468750 100.000000
3.476562 100.000000
3.484375 100.000000
3.492188 100.000000
3.500000 100.000000
3.507812 100.000000
3.515625 100.000000
3.523438 100.000000
3.531250 100.000000
3.539062 100.000000
3.546875 100.000000
3.554688 100.000000
3.562500 100.000000
3.570312 100.000000
3.578125 100.000000
3.585938 100.000000
3.593750 100.000000
3.601562 100.000000
3.609375 100.000000
3.617188 100.000000
3.625000 100.000000
3.632812 100.000000
3.640625 100.000000
3.648438 100.000000
3.656250 100.000000
3.664062 100.000000
3.671875 100.000000
3.679688 100.000000
3.687500 100.000000
3.695312 100.000000
3.703125 100.000000
3.710938 100.000000
3.718750 100.000000
3.726562 100.000000
3.734375 100.000000
3.742188 100.000000
3.750000 100.000000
3.757812 100.000000
3.765625 100.000000
3.773438 100.000000
3.781250 100.000000
3.789062 100.000000
3.796875 100.000000
3.804688 100.000000
3.812500 100.000000
3.820312 100.000000
3.828125 100.000000
3.835938 100.000000
3.843750 100.000000
3.851562 100.000000
3.859375 100.000000
3.867188 100.000000
3.875000 100.000000
3.882812 100.000000
3.890625 100.000000
3.898438 100.000000
3.906250 100.000000
3.914062 100.000000
3.921875 100.000000
3.929688 100.000000
3.937500 100.000000
3.945312 100.000000
3.953125 100.000000
3.960938 100.000000
3.968750 100.000000
3.976562 100.000000
3.984375 100.000000
3.992188 100.000000
4.000000 100.000000
4.007812 100.000000
4.015625 100.000000
4.023438 100.000000
4.031250 100.000000
4.039062 100.000000
4.046875 100.000000
4.054688 100.000000
4.062500 100.000000
4.070312 100.000000
4.078125 100.000000
4.085938 100.000000
4.093750 100.000000
4.101562 100.000000
4.109375 100.000000
4.117188 100.000000
4.125000 100.000000
4.132812 100.000000
4.140625 100.000000
4.148438 100.000000
4.156250 100.000000
4.164062 100.000000
4.171875 100.000000
4.179688 100.000000
4.187500 100.000000
4.195312 100.000000
4.203125 100.000000
4.210938 100.000000
4.218750 100.000000
4.226562 100.000000
4.234375 100.000000
4.242188 100.000000
4.250000 100.000000
4.257812 100.000000
4.265625 100.000000
4.273438 100.000000
4.281250 100.000000
4.289062 100.000000
4.296875 100.000000
4.304688 100.000000
4.312500 100.000000
4.320312 100.000000
4.328125 100.000000
4.335938 100.000000
4.343750 100.000000
4.351562 100.000000
4.359375 100.000000
4.367188 100.000000
4.375000 100.000000
4.382812 100.000000
4.390625 100.000000
4.398438 100.000000
4.406250 100.000000
4.414062 100.000000
4.421875 100.000000
4.429688 100.000000
4.437500 100.000000
4.445312 100.000000
4.453125 100.000000
4.460938 100.000000
4.468750 100.000000
4.476562 100.000000
4.484375 100.000000
4.492188 100.000000
4.500000 100.000000
4.507812 100.000000
4.515625 100.000000
4.523438 100.000000
4.531250 100.000000
4.539062 100.000000
4.546875 100.000000
4.554688 100.000000
4.562500 100.000000
4.570312 100.000000
4.578125 100.000000
4.585938 100.000000
4.593750 100.000000
4.601562 100.000000
4.609375 100.000000
4.617188 100.000000
4.625000 100.000000
4.632812 100.000000
4.640625 100.000000
4.648438 100.000000
4.656250 100.000000
4.664062 100.000000
4.671875 100.000000
4.679688 100.000000
4.687500 100.000000
4.695312 100.000000
4.703125 100.000000
4.710938 100.000000
4.718750 100.000000
4.726562 100.000000
4.734375 100.000000
4.742188 100.000000
4.750000 100.000000
4.757812 100.000000
4.765625 100.000000
4.773438 100.000000
4.781250 100.000000
4.789062 100.000000
4.796875 100.000000
4.804688 100.000000
4.812500 100.000000
4.820312 100.000000
4.828125 100.000000
4.835938 100.000000
4.843750 100.000000
4.851562 100.000000
4.859375 100.000000
4.867188 100.000000
4.875000 100.000000
4.882812 100.000000
4.890625 100.000000
4.898438 100.000000
4.906250 100.000000
4.914062 100.000000
4.921875 100.000000
4.929688 100.000000
4.937500 100.000000
4.945312 100.000000
4.953125 100.000000
4.960938 100.000000
4.968750 100.000000
4.976562 100.000000
4.984375 100.000000
4.992188 100.000000
5.000000 100.000000
5.007812 100.000000
5.015625 100.000000
5.023438 100.000000
5.031250 100.000000
5.039062 100.000000
5.046875 100.000000
5.054688 100.000000
5.062500 100.000000
5.070312 100.000000
5.078125 100.000000
5.085938 100.000000
5.093750 100.000000
5.101562 100.000000
5.109375 100.000000
5.117188 100.000000
5.125000 100.000000
5.132812 100.000000
5.140625 100.000000
5.148438 100.000000
5.156250 100.000000
5.164062 100.000000
5.171875 100.000000
5.179688 100.000000
5.187500 100.000000
5.195312 100.000000
5.203125 100.000000
5.210938 100.000000
5.218750 100.000000
5.226562 100.000000
5.234375 100.000000
5.242188 100.000000
5.250000 100.000000
5.257812 100.000000
5.265625 100.000000
5.273438 100.000000
5.281250 100.000000
5.289062 100.000000
5.296875 100.000000
5.304688 100.000000
5.312500 100.000000
5.320312 100.000000
5.328125 100.000000
5.335938 100.000000
5.343750 100.000000
5.351562 100.000000
5.359375 100.000000
5.367188 100.000000
5.375000 100.000000
5.382812 100.000000
5.390625 100.000000
5.398438 100.000000
5.406250 100.000000
5.414062 100.000000
5.421875 100.000000
5.429688 100.000000
5.437500 100.000000
5.445312 100.000000
5.453125 100.000000
5.460938 100.000000
5.468750 100.000000
5.476562 100.000000
5.484375 100.000000
5.492188 100.000000
5.500000 100.000000
5.507812 100.000000
5.515625 100.000000
5.523438 100.000000
5.531250 100.000000
5.539062 100.000000
5.546875 100.000000
5.554688 100.000000
5.562500 100.000000
5.570312 100.000000
5.578125 100.000000
5.585938 100.000000
5.593750 100.000000
5.601562 100.000000
5.609375 100.000000
5.617188 100.000000
5.625000 100.000000
5.632812 100.000000
5.640625 100.000000
5.648438 100.000000
5.656250 100.000000
5.664062 100.000000
5.671875 100.000000
5.679688 100.000000
5.687500 100.000000
5.695312 100.000000
5.703125 100.000000
5.710938 100.000000
5.718750 100.000000
5.726562 100.000000
5.734375 100.000000
5.742188 100.000000
5.750000 100.000000
5.757812 100.000000
5.765625 100.000000
5.773438 100.000000
5.781250 100.000000
5.789062 100.000000
5.796875 100.000000
5.804688 100.000000
5.812500 100.000000
5.820312 100.000000
5.828125 100.000000
5.835938 100.000000
5.843750 100.000000
5.851562 100.000000
5.859375 100.000000
5.867188 100.000000
5.875000 100.000000
5.882812 100.000000
5.890625 100.000000
5.898438 100.000000
5.906250 100.000000
5.914062 100.000000
5.921875 100.000000
5.929688 100.000000
5.937500 100.000000
5.945312 100.000000
5.953125 100.000000
5.960938 100.000000
5.968750 100.000000
5.976562 100.000000
5.984375 100.000000
5.992188 100.000000
6.000000 100.000000
6.007812 100.000000
6.015625 100.000000
6.023438 100.000000
6.031250 100.000000
6.039062 100.000000
6.046875 100.000000
6.054688 100.000000
6.062500 100.000000
6.070312 100.000000
6.078125 100.000000
6.085938 100.000000
6.093750 100.000000
6.101562 100.000000
6.109375 100.000000
6.117188 100.000000
6.125000 100.000000
6.132812 100.000000
6.140625 100.000000
6.148438 100.000000
6.156250 100.000000
6.164062 100.000000
6.171875 100.000000
6.179688 100.000000
6.187500 100.000000
6.195312 100.000000
6.203125 100.000000
6.210938 100.000000
6.218750 100.000000
6.226562 100.000000
6.234375 100.000000
6.242188 100.000000
6.250000 100.000000
6.257812 100.000000
6.265625 100.000000
6.273438 100.000000
6.281250 100.000000
6.289062 100.000000
6.296875 100.000000
6.304688 100.000000
6.312500 100.000000
6.320312 100.000000
6.328125 100.000000
6.335938 100.000000
6.343750 100.000000
6.351562 100.000000
6.359375 100.000000
6.367188 100.000000
6.375000 100.000000
6.382812 100.000000
6.390625 100.000000
6.398438 100.000000
6.406250 100.000000
6.414062 100.000000
6.421875 100.000000
6.429688 100.000000
6.437500 100.000000
6.445312 100.000000
6.453125 100.000000
6.460938 100.000000
6.468750 100.000000
6.476562 100.000000
6.484375 100.000000
6.492188 100.000000
6.500000 100.000000
6.507812 100.000000
6.515625 100.000000
6.523438 100.000000
6.531250 100.000000
6.539062 100.000000
6.546875 100.000000
6.554688 100.000000
6.562500 100.000000
6.570312 100.000000
6.578125 100.000000
6.585938 100.000000
6.593750 100.000000
6.601562 100.000000
6.609375 100.000000
6.617188 100.000000
6.625000 100.000000
6.632812 100.000000
6.640625 100.000000
6.648438 100.000000
6.656250 100.000000
6.664062 100.000000
6.671875 100.000000
6.679688 100.000000
6.687500 100.000000
6.695312 100.000000
6.703125 100.000000
6.710938 100.000000
6.718750 100.000000
6.726562 100.000000
6.734375 100.000000
6.742188 100.000000
6.750000 100.000000
6.757812 100.000000
6.765625 100.000000
6.773438 100.000000
6.781250 100.000000
6.789062 100.000000
6.796875 100.000000
6.804688 100.000000
6.812500 100.000000
6.820312 100.000000
6.828125 100.000000
6.835938 100.000000
6.843750 100.000000
6.851562 100.000000
6.859375 100.000000
6.867188 100.000000
6.875000 100.000000
6.882812 100.000000
6.890625 100.000000
6.898438 100.000000
6.906250 100.000000
6.914062 100.000000
6.921875 100.000000
6.929688 100.000000
6.937500 100.000000
6.945312 100.000000
6.953125 100.000000
6.960938 100.000000
6.968750 100.000000
6.976562 100.000000
6.984375 100.000000
6.992188 100.000000
7.000000 100.000000
7.007812 100.000000
7.015625 100.000000
7.023438 100.000000
7.031250 100.000000
7.039062 100.000000
7.046875 100.000000
7.054688 100.000000
7.062500 100.000000
7.070312 100.000000
7.078125 100.000000
7.085938 100.000000
7.093750 100.000000
7.101562 100.000000
7.109375 100.000000
7.117188 100.000000
7.125000 100.000000
7.132812 100.000000
7.140625 100.000000
7.148438 100.000000
7.156250 100.000000
7.164062 100.000000
7.171875 100.000000
7.179688 100.000000
7.187500 100.000000
7.195312 100.000000
7.203125 100.000000
7.210938 100.000000
7.218750 100.000000
7.226562 100.000000
7.234375 100.000000
7.242188 100.000000
7.250000 100.000000
7.257812 100.000000
7.265625 100.000000
7.273438 100.000000
7.281250 100.000000
7.289062 100.000000
7.296875 100.000000
7.304688 100.000000
7.312500 100.000000
7.320312 100.000000
7.328125 100.000000
7.335938 100.000000
7.343750 100.000000
7.351562 100.000000
7.359375 100.000000
7.367188 100.000000
7.375000 100.000000
7.382812 100.000000
7.390625 100.000000
7.398438 100.000000
7.406250 100.000000
7.414062 100.000000
7.421875 100.000000
7.429688 100.000000
7.437500 100.000000
7.445312 100.000000
7.453125 100.000000
7.460938 100.000000
7.468750 100.000000
7.476562 100.000000
7.484375 100.000000
7.492188 100.000000
7.500000 100.000000
7.507812 100.000000
7.515625 100.000000
7.523438 100.000000
7.531250 100.000000
7.539062 100.000000
7.546875 100.000000
7.554688 100.000000
7.562500 100.000000
7.570312 100.000000
7.578125 100.000000
7.585938 100.000000
7.593750 100.000000
7.601562 100.000000
7.609375 100.000000
7.617188 100.000000
7.625000 100.000000
7.632812 100.000000
7.640625 100.000000
7.648438 100.000000
7.656250 100.000000
7.664062 100.000000
7.671875 100.000000
7.679688 100.000000
7.687500 100.000000
7.695312 100.000000
7.703125 100.000000
7.710938 100.000000
7.718750 100.000000
7.726562 100.000000
7.734375 100.000000
7.742188 100.000000
7.750000 100.000000
7.757812 100.000000
7.765625 100.000000
7.773438 100.000000
7.781250 100.000000
7.789062 100.000000
7.796875 100.000000
7.804688 100.000000
7.812500 100.000000
7.820312 100.000000
7.828125 100.000000
7.835938 100.000000
7.843750 100.000000
7.851562 100.000000
7.859375 100.000000
7.867188 100.000000
7.875000 100.000000
7.882812 100.000000
7.890625 100.000000
7.898438 100.000000
7.906250 100.000000
7.914062 100.000000
7.921875 100.000000
7.929688 100.000000
7.937500 100.000000
7.945312 100.000000
7.953125 100.000000
7.960938 100.000000
7.968750 100.000000
7.976562 100.000000
7.984375 100.000000
7.992188 100.000000
8.000000 100.000000
8.007812 100.000000
8.015625 100.000000
8.023438 100.000000
8.031250 100.000000
8.039062 100.000000
8.046875 100.000000
8.054688 100.000000
8.062500 100.000000
8.070312 100.000000
8.078125 100.000000
8.085938 100.000000
8.093750 100.000000
8.101562 100.000000
8.109375 100.000000
8.117188 100.000000
8.125000 100.000000
8.132812 100.000000
8.140625 100.000000
8.148438 100.000000
8.156250 100.000000
8.164062 100.000000
8.171875 100.000000
8.179688 100.000000
8.187500 100.000000
8.195312 100.000000
8.203125 100.000000
8.210938 100.000000
8.218750 100.000000
8.226562 100.000000
8.234375 100.000000
8.242188 100.000000
8.250000 100.000000
8.257812 100.000000
8.265625 100.000000
8.273438 100.000000
8.281250 100.000000
8.289062 100.000000
8.296875 100.000000
8.304688 100.000000
8.312500 100.000000
8.320312 100.000000
8.328125 100.000000
8.335938 100.000000
8.343750 100.000000
8.351562 100.000000
8.359375 100.000000
8.367188 100.000000
8.375000 100.000000
8.382812 100.000000
8.390625 100.000000
8.398438 100.000000
8.406250 100.000000
8.414062 100.000000
8.421875 100.000000
8.429688 100.000000
8.437500 100.000000
8.445312 100.000000
8.453125 100.000000
8.460938 100.000000
8.468750 100.000000
8.476562 100.000000
8.484375 100.000000
8.492188 100.000000
8.500000 100.000000
8.507812 100.000000
8.515625 100.000000
8.523438 100.000000
8.531250 100.000000
8.539062 100.000000
8.546875 100.000000
8.554688 100.000000
8.562500 100.000000
8.570312 100.000000
8.578125 100.000000
8.585938 100.000000
8.593750 100.000000
8.601562 100.000000
8.609375 100.000000
8.617188 100.000000
8.625000 100.000000
8.632812 100.000000
8.640625 100.000000
8.648438 100.000000
8.656250 100.000000
8.664062 100.000000
8.671875 100.000000
8.679688 100.000000
8.687500 100.000000
8.695312 100.000000
8.703125 100.000000
8.710938 100.000000
8.718750 100.000000
8.726562 100.000000
8.734375 100.000000
8.742188 100.000000
8.750000 100.000000
8.757812 100.000000
8.765625 100.000000
8.773438 100.000000
8.781250 100.000000
8.789062 100.000000
8.796875 100.000000
8.804688 100.000000
8.812500 100.000000
8.820312 100.000000
8.828125 100.000000
8.835938 100.000000
8.843750 100.000000
8.851562 100.000000
8.859375 100.000000
8.867188 100.000000
8.875000 100.000000
8.882812 100.000000
8.890625 100.000000
8.898438 100.000000
8.906250 100.000000
8.914062 100.000000
8.921875 100.000000
8.929688 100.000000
8.937500 100.000000
8.945312 100.000000
8.953125 100.000000
8.960938 100.000000
8.968750 100.000000
8.976562 100.000000
8.984375 100.000000
8.992188 100.000000
9.000000 100.000000
9.007812 100.000000
9.015625 100.000000
9.023438 100.000000
9.031250 100.000000
9.039062 100.000000
9.046875 100.000000
9.054688 100.000000
9.062500 100.000000
9.070312 100.000000
9.078125 100.000000
9.085938 100.000000
9.093750 100.000000
9.101562 100.000000
9.109375 100.000000
9.117188 100.000000
9.125000 100.000000
9.132812 100.000000
9.140625 100.000000
9.148438 100.000000
9.156250 100.000000
9.164062 100.000000
9.171875 100.000000
9.179688 100.000000
9.187500 100.000000
9.195312 100.000000
9.203125 100.000000
9.210938 100.000000
9.218750 100.000000
9.226562 100.000000
9.234375 100.000000
9.242188 100.000000
9.250000 100.000000
9.257812 100.000000
9.265625 100.000000
9.273438 100.000000
9.281250 100.000000
9.289062 100.000000
9.296875 100.000000
9.304688 100.000000
9.312500 100.000000
9.320312 100.000000
9.328125 100.000000
9.335938 100.000000
9.343750 100.000000
9.351562 100.000000
9.359375 100.000000
9.367188 100.000000
9.375000 100.000000
9.382812 100.000000
9.390625 100.000000
9.398438 100.000000
9.406250 100.000000
9.414062 100.000000
9.421875 100.000000
9.429688 100.000000
9.437500 100.000000
9.445312 100.000000
9.453125 100.000000
9.460938 100.000000
9.468750 100.000000
9.476562 100.000000
9.484375 100.000000
9.492188 100.000000
9.500000 100.000000
9.507812 100.000000
9.515625 100.000000
9.523438 100.000000
9.531250 100.000000
9.539062 100.000000
9.546875 100.000000
9.554688 100.000000
9.562500 100.000000
9.570312 100.000000
9.578125 100.000000
9.585938 100.000000
9.593750 100.000000
9.601562 100.000000
9.609375 100.000000
9.617188 100.000000
9.625000 100.000000
9.632812 100.000000
9.640625 100.000000
9.648438 100.000000
9.656250 100.000000
9.664062 100.000000
9.671875 100.000000
9.679688 100.000000
9.687500 100.000000
9.695312 100.000000
9.703125 100.000000
9.710938 100.000000
9.718750 100.000000
9.726562 100.000000
9.734375 100.000000
9.742188 100.000000
9.750000 100.000000
9.757812 100.000000
9.765625 100.000000
9.773438 100.000000
9.781250 100.000000
9.789062 100.000000
9.796875 100.000000
9.804688 100.000000
9.812500 100.000000
9.820312 100.000000
9.828125 100.000000
9.835938 100.000000
9.843750 100.000000
9.851562 100.000000
9.859375 100.000000
9.867188 100.000000
9.875000 100.000000
9.882812 100.000000
9.890625 100.000000
9.898438 100.000000
9.906250 100.000000
9.914062 100.000000
9.921875 100.000000
9.929688 100.000000
9.937500 100.000000
9.945312 100.000000
9.953125 100.000000
9.960938 100.000000
9.968750 100.000000
9.976562 100.000000
9.984375 100.000000
9.992188 100.000000
10.000000 100.000000
10.007812 100.000000
10.015625 100.000000
10.023438 100.000000
10.031250 100.000000
10.039062 100.000000
10.046875 100.000000
10.054688 100.000000
10.062500 100.000000
10.070312 100.000000
10.078125 100.000000
10.085938 100.000000
10.093750 100.000000
10.101562 100.000000
10.109375 100.000000
10.117188 100.000000
10.125000 100.000000
10.132812 100.000000
10.140625 100.000000
10.148438 100.000000
10.156250 100.000000
10.164062 100.000000
10.171875 100.000000
10.179688 100.000000
10.187500 100.000000
10.195312 100.000000
10.203125 100.000000
10.210938 100.000000
10.218750 100.000000
10.226562 100.000000
10.234375 100.000000
10.242188 100.000000
10.250000 100.000000
10.257812 100.000000
10.265625 100.000000
10.273438 100.000000
10.281250 100.000000
10.289062 100.000000
10.296875 100.000000
10.304688 100.000000
10.312500 100.000000
10.320312 100.000000
10.328125 100.000000
10.335938 100.000000
10.343750 100.000000
10.351562 100.000000
10.359375 100.000000
10.367188 100.000000
10.375000 100.000000
10.382812 100.000000
10.390625 100.000000
10.398438 100.000000
10.406250 100.000000
10.414062 100.000000
10.421875 100.000000
10.429688 100.000000
10.437500 100.000000
10.445312 100.000000
10.453125 100.000000
10.460938 100.000000
10.468750 100.000000
10.476562 100.000000
10.484375 100.000000
10.492188 100.000000
10.500000 100.000000
10.507812 100.000000
10.515625 100.000000
10.523438 100.000000
10.531250 100.000000
10.539062 100.000000
10.546875 100.000000
10.554688 100.000000
10.562500 100.000000
10.570312 100.000000
10.578125 100.000000
10.585938 100.000000
10.593750 100.000000
10.601562 100.000000
10.609375 100.000000
10.617188 100.000000
10.625000 100.000000
10.632812 100.000000
10.640625 100.000000
10.648438 100.000000
10.656250 100.000000
10.664062 100.000000
10.671875 100.000000
10.679688 100.000000
10.687500 100.000000
10.695312 100.000000
10.703125 100.000000
10.710938 100.000000
10.718750 100.000000
10.726562 100.000000
10.734375 100.000000
10.742188 100.000000
10.750000 100.000000
10.757812 100.000000
10.765625 100.000000
10.773438 100.000000
10.781250 100.000000
10.789062 100.000000
10.796875 100.000000
10.804688 100.000000
10.812500 100.000000
10.820312 100.000000
10.828125 100.000000
10.835938 100.000000
10.843750 100.000000
10.851562 100.000000
10.859375 100.000000
10.867188 100.000000
10.875000 100.000000
10.882812 100.000000
10.890625 100.000000
10.898438 100.000000
10.906250 100.000000
10.914062 100.000000
10.921875 100.000000
10.929688 100.000000
10.937500 100.000000
10.945312 100.000000
10.953125 100.000000
10.960938 100.000000
10.968750 100.000000
10.976562 100.000000
10.984375 100.000000
10.992188 100.000000
11.000000 100.000000
11.007812 100.000000
11.015625 100.000000
11.023438 100.000000
11.031250 100.000000
11.039062 100.000000
11.046875 100.000000
11.054688 100.000000
11.062500 100.000000
11.070312 100.000000
11.078125 100.000000
11.085938 100.000000
11.093750 100.000000
11.101562 100.000000
11.109375 100.000000
11.117188 100.000000
11.125000 100.000000
11.132812 100.000000
11.140625 100.000000
11.148438 100.000000
11.156250 100.000000
11.164062 100.000000
11.171875 100.000000
11.179688 100.000000
11.187500 100.000000
11.195312 100.000000
11.203125 100.000000
11.210938 100.000000
11.218750 100.000000
11.226562 100.000000
11.234375 100.000000
11.242188 100.000000
11.250000 100.000000
11.257812 100.000000
11.265625 100.000000
11.273438 100.000000
11.281250 100.000000
11.289062 100.000000
11.296875 100.000000
11.304688 100.000000
11.312500 100.000000
11.320312 100.000000
11.328125 100.000000
11.335938 100.000000
11.343750 100.000000
11.351562 100.000000
11.359375 100.000000
11.367188 100.000000
11.375000 100.000000
11.382812 100.000000
11.390625 100.000000
11.398438 100.000000
11.406250 100.000000
11.414062 100.000000
11.421875 100.000000
11.429688 100.000000
11.437500 100.000000
11.445312 100.000000
11.453125 100.000000
11.460938 100.000000
11.468750 100.000000
11.476562 100.000000
11.484375 100.000000
11.492188 100.000000
11.500000 100.000000
11.507812 100.000000
11.515625 100.000000
11.523438 100.000000
11.531250 100.000000
11.539062 100.000000
11.546875 100.000000
11.554688 100.000000
11.562500 100.000000
11.570312 100.000000
11.578125 100.000000
11.585938 100.000000
11.593750 100.000000
11.601562 100.000000
11.609375 100.000000
11.617188 100.000000
11.625000 100.000000
11.632812 100.000000
11.640625 100.000000
11.648438 100.000000
11.656250 100.000000
11.664062 100.000000
11.671875 100.000000
11.679688 100.000000
11.687500 100.000000
11.695312 100.000000
11.703125 100.000000
11.710938 100.000000
11.718750 100.000000
11.726562 100.000000
11.734375 100.000000
11.742188 100.000000
11.750000 100.000000
11.757812 100.000000
11.765625 100.000000
11.773438 100.000000
11.781250 100.000000
11.789062 100.000000
11.796875 100.000000
11.804688 100.000000
11.812500 100.000000
11.820312 100.000000
11.828125 100.000000
11.835938 100.000000
11.843750 100.000000
11.851562 100.000000
11.859375 100.000000
11.867188 100.000000
11.875000 100.000000
11.882812 100.000000
11.890625 100.000000
11.898438 100.000000
11.906250 100.000000
11.914062 100.000000
11.921875 100.000000
11.929688 100.000000
11.937500 100.000000
11.945312 100.000000
11.953125 100.000000
11.960938 100.000000
11.968750 100.000000
11.976562 100.000000
11.984375 100.000000
11.992188 100.000000
12.000000 100.000000
12.007812 100.000000
12.015625 100.000000
12.023438 100.000000
12.031250 100.000000
12.039062 100.000000
12.046875 100.000000
12.054688 100.000000
12.062500 100.000000
12.070312 100.000000
12.078125 100.000000
12.085938 100.000000
12.093750 100.000000
12.101562 100.000000
12.109375 100.000000
12.117188 100.000000
12.125000 100.000000
12.132812 100.000000
12.140625 100.000000
12.148438 100.000000
12.156250 100.000000
12.164062 100.000000
12.171875 100.000000
12.179688 100.000000
12.187500 100.000000
12.195312 100.000000
12.203125 100.000000
12.210938 100.000000
12.218750 100.000000
12.226562 100.000000
12.234375 100.000000
12.242188 100.000000
12.250000 100.000000
12.257812 100.000000
12.265625 100.000000
12.273438 100.000000
12.281250 100.000000
12.289062 100.000000
12.296875 100.000000
12.304688 100.000000
12.312500 100.000000
12.320312 100.000000
12.328125 100.000000
12.335938 100.000000
12.343750 100.000000
12.351562 100.000000
12.359375 100.000000
12.367188 100.000000
12.375000 100.000000
12.382812 100.000000
12.390625 100.000000
12.398438 100.000000
12.406250 100.000000
12.414062 100.000000
12.421875 100.000000
12.429688 100.000000
12.437500 100.000000
12.445312 100.000000
12.453125 100.000000
12.460938 100.000000
12.468750 100.000000
12.476562 100.000000
12.484375 100.000000
12.492188 100.000000
12.500000 100.000000
12.507812 100.000000
12.515625 100.000000
12.523438 100.000000
12.531250 100.000000
12.539062 100.000000
12.546875 100.000000
12.554688 100.000000
12.562500 100.000000
12.570312 100.000000
12.578125 100.000000
12.585938 100.000000
12.593750 100.000000
12.601562 100.000000
12.609375 100.000000
12.617188 100.000000
12.625000 100.000000
12.632812 100.000000
12.640625 100.000000
12.648438 100.000000
12.656250 100.000000
12.664062 100.000000
12.671875 100.000000
12.679688 100.000000
12.687500 100.000000
12.695312 100.000000
12.703125 100.000000
12.710938 100.000000
12.718750 100.000000
12.726562 100.000000
12.734375 100.000000
12.742188 100.000000
12.750000 100.000000
12.757812 100.000000
12.765625 100.000000
12.773438 100.000000
12.781250 100.000000
12.789062 100.000000
12.796875 100.000000
12.804688 100.000000
12.812500 100.000000
12.820312 100.000000
12.828125 100.000000
12.835938 100.000000
12.843750 100.000000
12.851562 100.000000
12.859375 100.000000
12.867188 100.000000
12.875000 100.000000
12.882812 100.000000
12.890625 100.000000
12.898438 100.000000
12.906250 100.000000
12.914062 100.000000
12.921875 100.000000
12.929688 100.000000
12.937500 100.000000
12.945312 100.000000
12.953125 100.000000
12.960938 100.000000
12.968750 100.000000
12.976562 100.000000
12.984375 100.000000
12.992188 100.000000
13.000000 100.000000
13.007812 100.000000
13.015625 100.000000
13.023438 100.000000
13.031250 100.000000
13.039062 100.000000
13.046875 100.000000
13.054688 100.000000
13.062500 100.000000
13.070312 100.000000
13.078125 100.000000
13.085938 100.000000
13.093750 100.000000
13.101562 100.000000
13.109375 100.000000
13.117188 100.000000
13.125000 100.000000
13.132812 100.000000
13.140625 100.000000
13.148438 100.000000
13.156250 100.000000
13.164062 100.000000
13.171875 100.000000
13.179688 100.000000
13.187500 100.000000
13.195312 100.000000
13.203125 100.000000
13.210938 100.000000
13.218750 100.000000
13.226562 100.000000
13.234375 100.000000
13.242188 100.000000
13.250000 100.000000
13.257812 100.000000
13.265625 100.000000
13.273438 100.000000
13.281250 100.000000
13.289062 100.000000
13.296875 100.000000
13.304688 100.000000
13.312500 100.000000
13.320312 100.000000
13.328125 100.000000
13.335938 100.000000
13.343750 100.000000
13.351562 100.000000
13.359375 100.000000
13.367188 100.000000
13.375000 100.000000
13.382812 100.000000
13.390625 100.000000
13.398438 100.000000
13.406250 100.000000
13.414062 100.000000
13.421875 100.000000
13.429688 100.000000
13.437500 100.000000
13.445312 100.000000
13.453125 100.000000
13.460938 100.000000
13.468750 100.000000
13.476562 100.000000
13.484375 100.000000
13.492188 100.000000
13.500000 100.000000
13.507812 100.000000
13.515625 100.000000
13.523438 100.000000
13.531250 100.000000
13.539062 100.000000
13.546875 100.000000
13.554688 100.000000
13.562500 100.000000
13.570312 100.000000
13.578125 100.000000
13.585938 100.000000
13.593750 100.000000
13.601562 100.000000
13.609375 100.000000
13.617188 100.000000
13.625000 100.000000
13.632812 100.000000
13.640625 100.000000
13.648438 100.000000
13.656250 100.000000
13.664062 100.000000
13.671875 100.000000
13.679688 100.000000
13.687500 100.000000
13.695312 100.000000
13.703125 100.000000
13.710938 100.000000
13.718750 100.000000
13.726562 100.000000
13.734375 100.000000
13.742188 100.000000
13.750000 100.000000
13.757812 100.000000
13.765625 100.000000
13.773438 100.000000
13.781250 100.000000
13.789062 100.000000
13.796875 100.000000
13.804688 100.000000
13.812500 100.000000
13.820312 100.000000
13.828125 100.000000
13.835938 100.000000
13.843750 100.000000
13.851562 100.000000
13.859375 100.000000
13.867188 100.000000
13.875000 100.000000
13.882812 100.000000
13.890625 100.000000
13.898438 100.000000
13.906250 100.000000
13.914062 100.000000
13.921875 100.000000
13.929688 100.000000
13.937500 100.000000
13.945312 100.000000
13.953125 100.000000
13.960938 100.000000
13.968750 100.000000
13.976562 100.000000
13.984375 100.000000
13.992188 100.000000
14.000000 100.000000
14.007812 100.000000
14.015625 100.000000
14.023438 100.000000
14.031250 100.000000
14.039062 100.000000
14.046875 100.000000
14.054688 100.000000
14.062500 100.000000
14.070312 100.000000
14.078125 100.000000
14.085938 100.000000
14.093750 100.000000
14.101562 100.000000
14.109375 100.000000
14.117188 100.000000
14.125000 100.000000
14.132812 100.000000
14.140625 100.000000
14.148438 100.000000
14.156250 100.000000
14.164062 100.000000
14.171875 100.000000
14.179688 100.000000
14.187500 100.000000
14.195312 100.000000
14.203125 100.000000
14.210938 100.000000
14.218750 100.000000
14.226562 100.000000
14.234375 100.000000
14.242188 100.000000
14.250000 100.000000
14.257812 100.000000
14.265625 100.000000
14.273438 100.000000
14.281250 100.000000
14.289062 100.000000
14.296875 100.000000
14.304688 100.000000
14.312500 100.000000
14.320312 100.000000
14.328125 100.000000
14.335938 100.000000
14.343750 100.000000
14.351562 100.000000
14.359375 100.000000
14.367188 100.000000
14.375000 100.000000
14.382812 100.000000
14.390625 100.000000
14.398438 100.000000
14.406250 100.000000
14.414062 100.000000
14.421875 100.000000
14.429688 100.000000
14.437500 100.000000
14.445312 100.000000
14.453125 100.000000
14.460938 100.000000
14.468750 100.000000
14.476562 100.000000
14.484375 100.000000
14.492188 100.000000
14.500000 100.000000
14.507812 100.000000
14.515625 100.000000
14.523438 100.000000
14.531250 100.000000
14.539062 100.000000
14.546875 100.000000
14.554688 100.000000
14.562500 100.000000
14.570312 100.000000
14.578125 100.000000
14.585938 100.000000
14.593750 100.000000
14.601562 100.000000
14.609375 100.000000
14.617188 100.000000
14.625000 100.000000
14.632812 100.000000
14.640625 100.000000
14.648438 100.000000
14.656250 100.000000
14.664062 100.000000
14.671875 100.000000
14.679688 100.000000
14.687500 100.000000
14.695312 100.000000
14.703125 100.000000
14.710938 100.000000
14.718750 100.000000
14.726562 100.000000
14.734375 100.000000
14.742188 100.000000
14.750000 100.000000
14.757812 100.000000
14.765625 100.000000
14.773438 100.000000
14.781250 100.000000
14.789062 100.000000
14.796875 100.000000
14.804688 100.000000
14.812500 100.000000
14.820312 100.000000
14.828125 100.000000
14.835938 100.000000
14.843750 100.000000
14.851562 100.000000
14.859375 100.000000
14.867188 100.000000
14.875000 100.000000
14.882812 100.000000
14.890625 100.000000
14.898438 100.000000
14.906250 100.000000
14.914062 100.000000
14.921875 100.000000
14.929688 100.000000
14.937500 100.000000
14.945312 100.000000
14.953125 100.000000
14.960938 100.000000
14.968750 100.000000
14.976562 100.000000
14.984375 100.000000
14.992188 100.000000
15.000000 100.000000
15.007812 100.000000
15.015625 100.000000
15.023438 100.000000
15.031250 100.000000
15.039062 100.000000
15.046875 100.000000
15.054688 100.000000
15.062500 100.000000
15.070312 100.000000
15.078125 100.000000
15.085938 100.000000
15.093750 100.000000
15.101562 100.000000
15.109375 100.000000
15.117188 100.000000
15.125000 100.000000
15.132812 100.000000
15.140625 100.000000
15.148438 100.000000
15.156250 100.000000
15.164062 100.000000
15.171875 100.000000
15.179688 100.000000
15.187500 100.000000
15.195312 100.000000
15.203125 100.000000
15.210938 100.000000
15.218750 100.000000
15.226562 100.000000
15.234375 100.000000
15.242188 100.000000
15.250000 100.000000
15.257812 100.000000
15.265625 100.000000
15.273438 100.000000
15.281250 100.000000
15.289062 100.000000
15.296875 100.000000
15.304688 100.000000
15.312500 100.000000
15.320312 100.000000
15.328125 100.000000
15.335938 100.000000
15.343750 100.000000
15.351562 100.000000
15.359375 100.000000
15.367188 100.000000
15.375000 100.000000
15.382812 100.000000
15.390625 100.000000
15.398438 100.000000
15.406250 100.000000
15.414062 100.000000
15.421875 100.000000
15.429688 100.000000
15.437500 100.000000
15.445312 100.000000
15.453125 100.000000
15.460938 100.000000
15.468750 100.000000
15.476562 100.000000
15.484375 100.000000
15.492188 100.000000
15.500000 100.000000
15.507812 100.000000
15.515625 100.000000
15.523438 100.000000
15.531250 100.000000
15.539062 100.000000
15.546875 100.000000
15.554688 100.000000
15.562500 100.000000
15.570312 100.000000
15.578125 100.000000
15.585938 100.000000
15.593750 100.000000
15.601562 100.000000
15.609375 100.000000
15.617188 100.000000
15.625000 100.000000
15.632812 100.000000
15.640625 100.000000
15.648438 100.000000
15.656250 100.000000
15.664062 100.000000
15.671875 100.000000
15.679688 100.000000
15.687500 100.000000
15.695312 100.000000
15.703125 100.000000
15.710938 100.000000
15.718750 100.000000
15.726562 100.000000
15.734375 100.000000
15.742188 100.000000
15.750000 100.000000
15.757812 100.000000
15.765625 100.000000
15.773438 100.000000
15.781250 100.000000
15.789062 100.000000
15.796875 100.000000
15.804688 100.000000
15.812500 100.000000
15.820312 100.000000
15.828125 100.000000
15.835938 100.000000
15.843750 100.000000
15.851562 100.000000
15.859375 100.000000
15.867188 100.000000
15.875000 100.000000
15.882812 100.000000
15.890625 100.000000
15.898438 100.000000
15.906250 100.000000
15.914062 100.000000
15.921875 100.000000
15.929688 100.000000
15.937500 100.000000
15.945312 100.000000
15.953125 100.000000
15.960938 100.000000
15.968750 100.000000
15.976562 100.000000
15.984375 100.000000
15.992188 100.000000
16.000000 100.000000
16.007812 100.000000
16.015625 100.000000
16.023438 100.000000
16.031250 100.000000
16.039062 100.000000
16.046875 100.000000
16.054688 100.000000
16.062500 100.000000
16.070312 100.000000
16.078125 100.000000
16.085938 100.000000
16.093750 100.000000
16.101562 100.000000
16.109375 100.000000
16.117188 100.000000
16.125000 100.000000
16.132812 100.000000
16.140625 100.000000
16.148438 100.000000
16.156250 100.000000
16.164062 100.000000
16.171875 100.000000
16.179688 100.000000
16.187500 100.000000
16.195312 100.000000
16.203125 100.000000
16.210938 100.000000
16.218750 100.000000
16.226562 100.000000
16.234375 100.000000
16.242188 100.000000
16.250000 100.000000
16.257812 100.000000
16.265625 100.000000
16.273438 100.000000
16.281250 100.000000
16.289062 100.000000
16.296875 100.000000
16.304688 100.000000
16.312500 100.000000
16.320312 100.000000
16.328125 100.000000
16.335938 100.000000
16.343750 100.000000
16.351562 100.000000
16.359375 100.000000
16.367188 100.000000
16.375000 100.000000
16.382812 100.000000
16.390625 100.000000
16.398438 100.000000
16.406250 100.000000
16.414062 100.000000
16.421875 100.000000
16.429688 100.000000
16.437500 100.000000
16.445312 100.000000
16.453125 100.000000
16.460938 100.000000
16.468750 100.000000
16.476562 100.000000
16.484375 100.000000
16.492188 100.000000
16.500000 100.000000
16.507812 100.000000
16.515625 100.000000
16.523438 100.000000
16.531250 100.000000
16.539062 100.000000
16.546875 100.000000
16.554688 100.000000
16.562500 100.000000
16.570312 100.000000
16.578125 100.000000
16.585938 100.000000
16.593750 100.000000
16.601562 100.000000
16.609375 100.000000
16.617188 100.000000
16.625000 100.000000
16.632812 100.000000
16.640625 100.000000
16.648438 100.000000
16.656250 100.000000
16.664062 100.000000
16.671875 100.000000
16.679688 100.000000
16.687500 100.000000
16.695312 100.000000
16.703125 100.000000
16.710938 100.000000
16.718750 100.000000
16.726562 100.000000
16.734375 100.000000
16.742188 100.000000
16.750000 100.000000
16.757812 100.000000
16.765625 100.000000
16.773438 100.000000
16.781250 100.000000
16.789062 100.000000
16.796875 100.000000
16.804688 100.000000
16.812500 100.000000
16.820312 100.000000
16.828125 100.000000
16.835938 100.000000
16.843750 100.000000
16.851562 100.000000
16.859375 100.000000
16.867188 100.000000
16.875000 100.000000
16.882812 100.000000
16.890625 100.000000
16.898438 100.000000
16.906250 100.000000
16.914062 100.000000
16.921875 100.000000
16.929688 100.000000
16.937500 100.000000
16.945312 100.000000
16.953125 100.000000
16.960938 100.000000
16.968750 100.000000
16.976562 100.000000
16.984375 100.000000
16.992188 100.000000
17.000000 100.000000
17.007812 100.000000
17.015625 100.000000
17.023438 100.000000
17.031250 100.000000
17.039062 100.000000
17.046875 100.000000
17.054688 100.000000
17.062500 100.000000
17.070312 100.000000
17.078125 100.000000
17.085938 100.000000
17.093750 100.000000
17.101562 100.000000
17.109375 100.000000
17.117188 100.000000
17.125000 100.000000
17.132812 100.000000
17.140625 100.000000
17.148438 100.000000
17.156250 100.000000
17.164062 100.000000
17.171875 100.000000
17.179688 100.000000
17.187500 100.000000
17.195312 100.000000
17.203125 100.000000
17.210938 100.000000
17.218750 100.000000
17.226562 100.000000
17.234375 100.000000
17.242188 100.000000
17.250000 100.000000
17.257812 100.000000
17.265625 100.000000
17.273438 100.000000
17.281250 100.000000
17.289062 100.000000
17.296875 100.000000
17.304688 100.000000
17.312500 100.000000
17.320312 100.000000
17.328125 100.000000
17.335938 100.000000
17.343750 100.000000
17.351562 100.000000
17.359375 100.000000
17.367188 100.000000
17.375000 100.000000
17.382812 100.000000
17.390625 100.000000
17.398438 100.000000
17.406250 100.000000
17.414062 100.000000
17.421875 100.000000
17.429688 100.000000
17.437500 100.000000
17.445312 100.000000
17.453125 100.000000
17.460938 100.000000
17.468750 100.000000
17.476562 100.000000
17.484375 100.000000
17.492188 100.000000
17.500000 100.000000
17.507812 100.000000
17.515625 100.000000
17.523438 100.000000
17.531250 100.000000
17.539062 100.000000
17.546875 100.000000
17.554688 100.000000
17.562500 100.000000
17.570312 100.000000
17.578125 100.000000
17.585938 100.000000
17.593750 100.000000
17.601562 100.000000
17.609375 100.000000
17.617188 100.000000
17.625000 100.000000
17.632812 100.000000
17.640625 100.000000
17.648438 100.000000
17.656250 100.000000
17.664062 100.000000
17.671875 100.000000
17.679688 100.000000
17.687500 100.000000
17.695312 100.000000
17.703125 100.000000
17.710938 100.000000
17.718750 100.000000
17.726562 100.000000
17.734375 100.000000
17.742188 100.000000
17.750000 100.000000
17.757812 100.000000
17.765625 100.000000
17.773438 100.000000
17.781250 100.000000
17.789062 100.000000
17.796875 100.000000
17.804688 100.000000
17.812500 100.000000
17.820312 100.000000
17.828125 100.000000
17.835938 100.000000
17.843750 100.000000
17.851562 100.000000
17.859375 100.000000
17.867188 100.000000
17.875000 100.000000
17.882812 100.000000
17.890625 100.000000
17.898438 100.000000
17.906250 100.000000
17.914062 100.000000
17.921875 100.000000
17.929688 100.000000
17.937500 100.000000
17.945312 100.000000
17.953125 100.000000
17.960938 100.000000
17.968750 100.000000
17.976562 100.000000
17.984375 100.000000
17.992188 100.000000
18.000000 100.000000
18.007812 100.000000
18.015625 100.000000
18.023438 100.000000
18.031250 100.000000
18.039062 100.000000
18.046875 100.000000
18.054688 100.000000
18.062500 100.000000
18.070312 100.000000
18.078125 100.000000
18.085938 100.000000
18.093750 100.000000
18.101562 100.000000
18.109375 100.000000
18.117188 100.000000
18.125000 100.000000
18.132812 100.000000
18.140625 100.000000
18.148438 100.000000
18.156250 100.000000
18.164062 100.000000
18.171875 100.000000
18.179688 100.000000
18.187500 100.000000
18.195312 100.000000
18.203125 100.000000
18.210938 100.000000
18.218750 100.000000
18.226562 100.000000
18.234375 100.000000
18.242188 100.000000
18.250000 100.000000
18.257812 100.000000
18.265625 100.000000
18.273438 100.000000
18.281250 100.000000
18.289062 100.000000
18.296875 100.000000
18.304688 100.000000
18.312500 100.000000
18.320312 100.000000
18.328125 100.000000
18.335938 100.000000
18.343750 100.000000
18.351562 100.000000
18.359375 100.000000
18.367188 100.000000
18.375000 100.000000
18.382812 100.000000
18.390625 100.000000
18.398438 100.000000
18.406250 100.000000
18.414062 100.000000
18.421875 100.000000
18.429688 100.000000
18.437500 100.000000
18.445312 100.000000
18.453125 100.000000
18.460938 100.000000
18.468750 100.000000
18.476562 100.000000
18.484375 100.000000
18.492188 100.000000
18.500000 100.000000
18.507812 100.000000
18.515625 100.000000
18.523438 100.000000
18.531250 100.000000
18.539062 100.000000
18.546875 100.000000
18.554688 100.000000
18.562500 100.000000
18.570312 100.000000
18.578125 100.000000
18.585938 100.000000
18.593750 100.000000
18.601562 100.000000
18.609375 100.000000
18.617188 100.000000
18.625000 100.000000
18.632812 100.000000
18.640625 100.000000
18.648438 100.000000
18.656250 100.000000
18.664062 100.000000
18.671875 100.000000
18.679688 100.000000
18.687500 100.000000
18.695312 100.000000
18.703125 100.000000
18.710938 100.000000
18.718750 100.000000
18.726562 100.000000
18.734375 100.000000
18.742188 100.000000
18.750000 100.000000
18.757812 100.000000
18.765625 100.000000
18.773438 100.000000
18.781250 100.000000
18.789062 100.000000
18.796875 100.000000
18.804688 100.000000
18.812500 100.000000
18.820312 100.000000
18.828125 100.000000
18.835938 100.000000
18.843750 100.000000
18.851562 100.000000
18.859375 100.000000
18.867188 100.000000
18.875000 100.000000
18.882812 100.000000
18.890625 100.000000
18.898438 100.000000
18.906250 100.000000
18.914062 100.000000
18.921875 100.000000
18.929688 100.000000
18.937500 100.000000
18.945312 100.000000
18.953125 100.000000
18.960938 100.000000
18.968750 100.000000
18.976562 100.000000
18.984375 100.000000
18.992188 100.000000
19.000000 100.000000
19.007812 100.000000
19.015625 100.000000
19.023438 100.000000
19.031250 100.000000
19.039062 100.000000
19.046875 100.000000
19.054688 100.000000
19.062500 100.000000
19.070312 100.000000
19.078125 100.000000
19.085938 100.000000
19.093750 100.000000
19.101562 100.000000
19.109375 100.000000
19.117188 100.000000
19.125000 100.000000
19.132812 100.000000
19.140625 100.000000
19.148438 100.000000
19.156250 100.000000
19.164062 100.000000
19.171875 100.000000
19.179688 100.000000
19.187500 100.000000
19.195312 100.000000
19.203125 100.000000
19.210938 100.000000
19.218750 100.000000
19.226562 100.000000
19.234375 100.000000
19.242188 100.000000
19.250000 100.000000
19.257812 100.000000
19.265625 100.000000
19.273438 100.000000
19.281250 100.000000
19.289062 100.000000
19.296875 100.000000
19.304688 100.000000
19.312500 100.000000
19.320312 100.000000
19.328125 100.000000
19.335938 100.000000
19.343750 100.000000
19.351562 100.000000
19.359375 100.000000
19.367188 100.000000
19.375000 100.000000
19.382812 100.000000
19.390625 100.000000
19.398438 100.000000
19.406250 100.000000
19.414062 100.000000
19.421875 100.000000
19.429688 100.000000
19.437500 100.000000
19.445312 100.000000
19.453125 100.000000
19.460938 100.000000
19.468750 100.000000
19.476562 100.000000
19.484375 100.000000
19.492188 100.000000
19.500000 100.000000
19.507812 100.000000
19.515625 100.000000
19.523438 100.000000
19.531250 100.000000
19.539062 100.000000
19.546875 100.000000
19.554688 100.000000
19.562500 100.000000
19.570312 100.000000
19.578125 100.000000
19.585938 100.000000
19.593750 100.000000
19.601562 100.000000
19.609375 100.000000
19.617188 100.000000
19.625000 100.000000
19.632812 100.000000
19.640625 100.000000
19.648438 100.000000
19.656250 100.000000
19.664062 100.000000
19.671875 100.000000
19.679688 100.000000
19.687500 100.000000
19.695312 100.000000
19.703125 100.000000
19.710938 100.000000
19.718750 100.000000
19.726562 100.000000
19.734375 100.000000
19.742188 100.000000
19.750000 100.000000
19.757812 100.000000
19.765625 100.000000
19.773438 100.000000
19.781250 100.000000
19.789062 100.000000
19.796875 100.000000
19.804688 100.000000
19.812500 100.000000
19.820312 100.000000
19.828125 100.000000
19.835938 100.000000
19.843750 100.000000
19.851562 100.000000
19.859375 100.000000
19.867188 100.000000
19.875000 100.000000
19.882812 100.000000
19.890625 100.000000
19.898438 100.000000
19.906250 100.000000
19.914062 100.000000
19.921875 100.000000
19.929688 100.000000
19.937500 100.000000
19.945312 100.000000
19.953125 100.000000
19.960938 100.000000
19.968750 100.000000
19.976562 100.000000
19.984375 100.000000
19.992188 100.000000
20.000000 100.000000
20.007812 100.000000
20.015625 100.000000
20.023438 100.000000
20.031250 100.000000
20.039062 100.000000
20.046875 100.000000
20.054688 100.000000
20.062500 100.000000
20.070312 100.000000
20.078125 100.000000
20.085938 100.000000
20.093750 100.000000
20.101562 100.000000
20.109375 100.000000
20.117188 100.000000
20.125000 100.000000
20.132812 100.000000
20.140625 100.000000
20.148438 100.000000
20.156250 100.000000
20.164062 100.000000
20.171875 100.000000
20.179688 100.000000
20.187500 100.000000
20.195312 100.000000
20.203125 100.000000
20.210938 100.000000
20.218750 100.000000
20.226562 100.000000
20.234375 100.000000
20.242188 100.000000
20.250000 100.000000
20.257812 100.000000
20.265625 100.000000
20.273438 100.000000
20.281250 100.000000
20.289062 100.000000
20.296875 100.000000
20.304688 100.000000
20.312500 100.000000
20.320312 100.000000
20.328125 100.000000
20.335938 100.000000
20.343750 100.000000
20.351562 100.000000
20.359375 100.000000
20.367188 100.000000
20.375000 100.000000
20.382812 100.000000
20.390625 100.000000
20.398438 100.000000
20.406250 100.000000
20.414062 100.000000
20.421875 100.000000
20.429688 100.000000
20.437500 100.000000
20.445312 100.000000
20.453125 100.000000
20.460938 100.000000
20.468750 100.000000
20.476562 100.000000
20.484375 100.000000
20.492188 100.000000
20.500000 100.000000
20.507812 100.000000
20.515625 100.000000
20.523438 100.000000
20.531250 100.000000
20.539062 100.000000
20.546875 100.000000
20.554688 100.000000
20.562500 100.000000
20.570312 100.000000
20.578125 100.000000
20.585938 100.000000
20.593750 100.000000
20.601562 100.000000
20.609375 100.000000
20.617188 100.000000
20.625000 100.000000
20.632812 100.000000
20.640625 100.000000
20.648438 100.000000
20.656250 100.000000
20.664062 100.000000
20.671875 100.000000
20.679688 100.000000
20.687500 100.000000
20.695312 100.000000
20.703125 100.000000
20.710938 100.000000
20.718750 100.000000
20.726562 100.000000
20.734375 100.000000
20.742188 100.000000
20.750000 100.000000
20.757812 100.000000
20.765625 100.000000
20.773438 100.000000
20.781250 100.000000
20.789062 100.000000
20.796875 100.000000
20.804688 100.000000
20.812500 100.000000
20.820312 100.000000
20.828125 100.000000
20.835938 100.000000
20.843750 100.000000
20.851562 100.000000
20.859375 100.000000
20.867188 100.000000
20.875000 100.000000
20.882812 100.000000
20.890625 100.000000
20.898438 100.000000
20.906250 100.000000
20.914062 100.000000
20.921875 100.000000
20.929688 100.000000
20.937500 100.000000
20.945312 100.000000
20.953125 100.000000
20.960938 100.000000
20.968750 100.000000
20.976562 100.000000
20.984375 100.000000
20.992188 100.000000
21.000000 100.000000
21.007812 100.000000
21.015625 100.000000
21.023438 100.000000
21.031250 100.000000
21.039062 100.000000
21.046875 100.000000
21.054688 100.000000
21.062500 100.000000
21.070312 100.000000
21.078125 100.000000
21.085938 100.000000
21.093750 100.000000
21.101562 100.000000
21.109375 100.000000
21.117188 100.000000
21.125000 100.000000
21.132812 100.000000
21.140625 100.000000
21.148438 100.000000
21.156250 100.000000
21.164062 100.000000
21.171875 100.000000
21.179688 100.000000
21.187500 100.000000
21.195312 100.000000
21.203125 100.000000
21.210938 100.000000
21.218750 100.000000
21.226562 100.000000
21.234375 100.000000
21.242188 100.000000
21.250000 100.000000
21.257812 100.000000
21.265625 100.000000
21.273438 100.000000
21.281250 100.000000
21.289062 100.000000
21.296875 100.000000
21.304688 100.000000
21.312500 100.000000
21.320312 100.000000
21.328125 100.000000
21.335938 100.000000
21.343750 100.000000
21.351562 100.000000
21.359375 100.000000
21.367188 100.000000
21.375000 100.000000
21.382812 100.000000
21.390625 100.000000
21.398438 100.000000
21.406250 100.000000
21.414062 100.000000
21.421875 100.000000
21.429688 100.000000
21.437500 100.000000
21.445312 100.000000
21.453125 100.000000
21.460938 100.000000
21.468750 100.000000
21.476562 100.000000
21.484375 100.000000
21.492188 100.000000
21.500000 100.000000
21.507812 100.000000
21.515625 100.000000
21.523438 100.000000
21.531250 100.000000
21.539062 100.000000
21.546875 100.000000
21.554688 100.000000
21.562500 100.000000
21.570312 100.000000
21.578125 100.000000
21.585938 100.000000
21.593750 100.000000
21.601562 100.000000
21.609375 100.000000
21.617188 100.000000
21.625000 100.000000
21.632812 100.000000
21.640625 100.000000
21.648438 100.000000
21.656250 100.000000
21.664062 100.000000
21.671875 100.000000
21.679688 100.000000
21.687500 100.000000
21.695312 100.000000
21.703125 100.000000
21.710938 100.000000
21.718750 100.000000
21.726562 100.000000
21.734375 100.000000
21.742188 100.000000
21.750000 100.000000
21.757812 100.000000
21.765625 100.000000
21.773438 100.000000
21.781250 100.000000
21.789062 100.000000
21.796875 100.000000
21.804688 100.000000
21.812500 100.000000
21.820312 100.000000
21.828125 100.000000
21.835938 100.000000
21.843750 100.000000
21.851562 100.000000
21.859375 100.000000
21.867188 100.000000
21.875000 100.000000
21.882812 100.000000
21.890625 100.000000
21.898438 100.000000
21.906250 100.000000
21.914062 100.000000
21.921875 100.000000
21.929688 100.000000
21.937500 100.000000
21.945312 100.000000
21.953125 100.000000
21.960938 100.000000
21.968750 100.000000
21.976562 100.000000
21.984375 100.000000
21.992188 100.000000
22.000000 100.000000
22.007812 100.000000
22.015625 100.000000
22.023438 100.000000
22.031250 100.000000
22.039062 100.000000
22.046875 100.000000
22.054688 100.000000
22.062500 100.000000
22.070312 100.000000
22.078125 100.000000
22.085938 100.000000
22.093750 100.000000
22.101562 100.000000
22.109375 100.000000
22.117188 100.000000
22.125000 100.000000
22.132812 100.000000
22.140625 100.000000
22.148438 100.000000
22.156250 100.000000
22.164062 100.000000
22.171875 100.000000
22.179688 100.000000
22.187500 100.000000
22.195312 100.000000
22.203125 100.000000
22.210938 100.000000
22.218750 100.000000
22.226562 100.000000
22.234375 100.000000
22.242188 100.000000
22.250000 100.000000
22.257812 100.000000
22.265625 100.000000
22.273438 100.000000
22.281250 100.000000
22.289062 100.000000
22.296875 100.000000
22.304688 100.000000
22.312500 100.000000
22.320312 100.000000
22.328125 100.000000
22.335938 100.000000
22.343750 100.000000
22.351562 100.000000
22.359375 100.000000
22.367188 100.000000
22.375000 100.000000
22.382812 100.000000
22.390625 100.000000
22.398438 100.000000
22.406250 100.000000
22.414062 100.000000
22.421875 100.000000
22.429688 100.000000
22.437500 100.000000
22.445312 100.000000
22.453125 100.000000
22.460938 100.000000
22.468750 100.000000
22.476562 100.000000
22.484375 100.000000
22.492188 100.000000
22.500000 100.000000
22.507812 100.000000
22.515625 100.000000
22.523438 100.000000
22.531250 100.000000
22.539062 100.000000
22.546875 100.000000
22.554688 100.000000
22.562500 100.000000
22.570312 100.000000
22.578125 100.000000
22.585938 100.000000
22.593750 100.000000
22.601562 100.000000
22.609375 100.000000
22.617188 100.000000
22.625000 100.000000
22.632812 100.000000
22.640625 100.000000
22.648438 100.000000
22.656250 100.000000
22.664062 100.000000
22.671875 100.000000
22.679688 100.000000
22.687500 100.000000
22.695312 100.000000
22.703125 100.000000
22.710938 100.000000
22.718750 100.000000
22.726562 100.000000
22.734375 100.000000
22.742188 100.000000
22.750000 100.000000
22.757812 100.000000
22.765625 100.000000
22.773438 100.000000
22.781250 100.000000
22.789062 100.000000
22.796875 100.000000
22.804688 100.000000
22.812500 100.000000
22.820312 100.000000
22.828125 100.000000
22.835938 100.000000
22.843750 100.000000
22.851562 100.000000
22.859375 100.000000
22.867188 100.000000
22.875000 100.000000
22.882812 100.000000
22.890625 100.000000
22.898438 100.000000
22.906250 100.000000
22.914062 100.000000
22.921875 100.000000
22.929688 100.000000
22.937500 100.000000
22.945312 100.000000
22.953125 100.000000
22.960938 100.000000
22.968750 100.000000
22.976562 100.000000
22.984375 100.000000
22.992188 100.000000
23.000000 100.000000
23.007812 100.000000
23.015625 100.000000
23.023438 100.000000
23.031250 100.000000
23.039062 100.000000
23.046875 100.000000
23.054688 100.000000
23.062500 100.000000
23.070312 100.000000
23.078125 100.000000
23.085938 100.000000
23.093750 100.000000
23.101562 100.000000
23.109375 100.000000
23.117188 100.000000
23.125000 100.000000
23.132812 100.000000
23.140625 100.000000
23.148438 100.000000
23.156250 100.000000
23.164062 100.000000
23.171875 100.000000
23.179688 100.000000
23.187500 100.000000
23.195312 100.000000
23.203125 100.000000
23.210938 100.000000
23.218750 100.000000
23.226562 100.000000
23.234375 100.000000
23.242188 100.000000
23.250000 100.000000
23.257812 100.000000
23.265625 100.000000
23.273438 100.000000
23.281250 100.000000
23.289062 100.000000
23.296875 100.000000
23.304688 100.000000
23.312500 100.000000
23.320312 100.000000
23.328125 100.000000
23.335938 100.000000
23.343750 100.000000
23.351562 100.000000
23.359375 100.000000
23.367188 100.000000
23.375000 100.000000
23.382812 100.000000
23.390625 100.000000
23.398438 100.000000
23.406250 100.000000
23.414062 100.000000
23.421875 100.000000
23.429688 100.000000
23.437500 100.000000
23.445312 100.000000
23.453125 100.000000
23.460938 100.000000
23.468750 100.000000
23.476562 100.000000
23.484375 100.000000
23.492188 100.000000
23.500000 100.000000
23.507812 100.000000
23.515625 100.000000
23.523438 100.000000
23.531250 100.000000
23.539062 100.000000
23.546875 100.000000
23.554688 100.000000
23.562500 100.000000
23.570312 100.000000
23.578125 100.000000
23.585938 100.000000
23.593750 100.000000
23.601562 100.000000
23.609375 100.000000
23.617188 100.000000
23.625000 100.000000
23.632812 100.000000
23.640625 100.000000
23.648438 100.000000
23.656250 100.000000
23.664062 100.000000
23.671875 100.000000
23.679688 100.000000
23.687500 100.000000
23.695312 100.000000
23.703125 100.000000
23.710938 100.000000
23.718750 100.000000
23.726562 100.000000
23.734375 100.000000
23.742188 100.000000
23.750000 100.000000
23.757812 100.000000
23.765625 100.000000
23.773438 100.000000
23.781250 100.000000
23.789062 100.000000
23.796875 100.000000
23.804688 100.000000
23.812500 100.000000
23.820312 100.000000
23.828125 100.000000
23.835938 100.000000
23.843750 100.000000
23.851562 100.000000
23.859375 100.000000
23.867188 100.000000
23.875000 100.000000
23.882812 100.000000
23.890625 100.000000
23.898438 100.000000
23.906250 100.000000
23.914062 100.000000
23.921875 100.000000
23.929688 100.000000
23.937500 100.000000
23.945312 100.000000
23.953125 100.000000
23.960938 100.000000
23.968750 100.000000
23.976562 100.000000
23.984375 100.000000
23.992188 100.000000
24.000000 100.000000
24.007812 100.000000
24.015625 100.000000
24.023438 100.000000
24.031250 100.000000
24.039062 100.000000
24.046875 100.000000
24.054688 100.000000
24.062500 100.000000
24.070312 100.000000
24.078125 100.000000
24.085938 100.000000
24.093750 100.000000
24.101562 100.000000
24.109375 100.000000
24.117188 100.000000
24.125000 100.000000
24.132812 100.000000
24.140625 100.000000
24.148438 100.000000
24.156250 100.000000
24.164062 100.000000
24.171875 100.000000
24.179688 100.000000
24.187500 100.000000
24.195312 100.000000
24.203125 100.000000
24.210938 100.000000
24.218750 100.000000
24.226562 100.000000
24.234375 100.000000
24.242188 100.000000
24.250000 100.000000
24.257812 100.000000
24.265625 100.000000
24.273438 100.000000
24.281250 100.000000
24.289062 100.000000
24.296875 100.000000
24.304688 100.000000
24.312500 100.000000
24.320312 100.000000
24.328125 100.000000
24.335938 100.000000
24.343750 100.000000
24.351562 100.000000
24.359375 100.000000
24.367188 100.000000
24.375000 100.000000
24.382812 100.000000
24.390625 100.000000
24.398438 100.000000
24.406250 100.000000
24.414062 100.000000
24.421875 100.000000
24.429688 100.000000
24.437500 100.000000
24.445312 100.000000
24.453125 100.000000
24.460938 100.000000
24.468750 100.000000
24.476562 100.000000
24.484375 100.000000
24.492188 100.000000
24.500000 100.000000
24.507812 100.000000
24.515625 100.000000
24.523438 100.000000
24.531250 100.000000
24.539062 100.000000
24.546875 100.000000
24.554688 100.000000
24.562500 100.000000
24.570312 100.000000
24.578125 100.000000
24.585938 100.000000
24.593750 100.000000
24.601562 100.000000
24.609375 100.000000
24.617188 100.000000
24.625000 100.000000
24.632812 100.000000
24.640625 100.000000
24.648438 100.000000
24.656250 100.000000
24.664062 100.000000
24.671875 100.000000
24.679688 100.000000
24.687500 100.000000
24.695312 100.000000
24.703125 100.000000
24.710938 100.000000
24.718750 100.000000
24.726562 100.000000
24.734375 100.000000
24.742188 100.000000
24.750000 100.000000
24.757812 100.000000
24.765625 100.000000
24.773438 100.000000
24.781250 100.000000
24.789062 100.000000
24.796875 100.000000
24.804688 100.000000
24.812500 100.000000
24.820312 100.000000
24.828125 100.000000
24.835938 100.000000
24.843750 100.000000
24.851562 100.000000
24.859375 100.000000
24.867188 100.000000
24.875000 100.000000
24.882812 100.000000
24.890625 100.000000
24.898438 100.000000
24.906250 100.000000
24.914062 100.000000
24.921875 100.000000
24.929688 100.000000
24.937500 100.000000
24.945312 100.000000
24.953125 100.000000
24.960938 100.000000
24.968750 100.000000
24.976562 100.000000
24.984375 100.000000
24.992188 100.000000
25.000000 100.000000
25.007812 100.000000
25.015625 100.000000
25.023438 100.000000
25.031250 100.000000
25.039062 100.000000
25.046875 100.000000
25.054688 100.000000
25.062500 100.000000
25.070312 100.000000
25.078125 100.000000
25.085938 100.000000
25.093750 100.000000
25.101562 100.000000
25.109375 100.000000
25.117188 100.000000
25.125000 100.000000
25.132812 100.000000
25.140625 100.000000
25.148438 100.000000
25.156250 100.000000
25.164062 100.000000
25.171875 100.000000
25.179688 100.000000
25.187500 100.000000
25.195312 100.000000
25.203125 100.000000
25.210938 100.000000
25.218750 100.000000
25.226562 100.000000
25.234375 100.000000
25.242188 100.000000
25.250000 100.000000
25.257812 100.000000
25.265625 100.000000
25.273438 100.000000
25.281250 100.000000
25.289062 100.000000
25.296875 100.000000
25.304688 100.000000
25.312500 100.000000
25.320312 100.000000
25.328125 100.000000
25.335938 100.000000
25.343750 100.000000
25.351562 100.000000
25.359375 100.000000
25.367188 100.000000
25.375000 100.000000
25.382812 100.000000
25.390625 100.000000
25.398438 100.000000
25.406250 100.000000
25.414062 100.000000
25.421875 100.000000
25.429688 100.000000
25.437500 100.000000
25.445312 100.000000
25.453125 100.000000
25.460938 100.000000
25.468750 100.000000
25.476562 100.000000
25.484375 100.000000
25.492188 100.000000
25.500000 100.000000
25.507812 100.000000
25.515625 100.000000
25.523438 100.000000
25.531250 100.000000
25.539062 100.000000
25.546875 100.000000
25.554688 100.000000
25.562500 100.000000
25.570312 100.000000
25.578125 100.000000
25.585938 100.000000
25.593750 100.000000
25.601562 100.000000
25.609375 100.000000
25.617188 100.000000
25.625000 100.000000
25.632812 100.000000
25.640625 100.000000
25.648438 100.000000
25.656250 100.000000
25.664062 100.000000
25.671875 100.000000
25.679688 100.000000
25.687500 100.000000
25.695312 100.000000
25.703125 100.000000
25.710938 100.000000
25.718750 100.000000
25.726562 100.000000
25.734375 100.000000
25.742188 100.000000
25.750000 100.000000
25.757812 100.000000
25.765625 100.000000
25.773438 100.000000
25.781250 100.000000
25.789062 100.000000
25.796875 100.000000
25.804688 100.000000
25.812500 100.000000
25.820312 100.000000
25.828125 100.000000
25.835938 100.000000
25.843750 100.000000
25.851562 100.000000
25.859375 100.000000
25.867188 100.000000
25.875000 100.000000
25.882812 100.000000
25.890625 100.000000
25.898438 100.000000
25.906250 100.000000
25.914062 100.000000
25.921875 100.000000
25.929688 100.000000
25.937500 100.000000
25.945312 100.000000
25.953125 100.000000
25.960938 100.000000
25.968750 100.000000
25.976562 100.000000
25.984375 100.000000
25.992188 100.000000
26.000000 100.000000
26.007812 100.000000
26.015625 100.000000
26.023438 100.000000
26.031250 100.000000
26.039062 100.000000
26.046875 100.000000
26.054688 100.000000
26.062500 100.000000
26.070312 100.000000
26.078125 100.000000
26.085938 100.000000
26.093750 100.000000
26.101562 100.000000
26.109375 100.000000
26.117188 100.000000
26.125000 100.000000
26.132812 100.000000
26.140625 100.000000
26.148438 100.000000
26.156250 100.000000
26.164062 100.000000
26.171875 100.000000
26.179688 100.000000
26.187500 100.000000
26.195312 100.000000
26.203125 100.000000
26.210938 100.000000
26.218750 100.000000
26.226562 100.000000
26.234375 100.000000
26.242188 100.000000
26.250000 100.000000
26.257812 100.000000
26.265625 100.000000
26.273438 100.000000
26.281250 100.000000
26.289062 100.000000
26.296875 100.000000
26.304688 100.000000
26.312500 100.000000
26.320312 100.000000
26.328125 100.000000
26.335938 100.000000
26.343750 100.000000
26.351562 100.000000
26.359375 100.000000
26.367188 100.000000
26.375000 100.000000
26.382812 100.000000
26.390625 100.000000
26.398438 100.000000
26.406250 100.000000
26.414062 100.000000
26.421875 100.000000
26.429688 100.000000
26.437500 100.000000
26.445312 100.000000
26.453125 100.000000
26.460938 100.000000
26.468750 100.000000
26.476562 100.000000
26.484375 100.000000
26.492188 100.000000
26.500000 100.000000
26.507812 100.000000
26.515625 100.000000
26.523438 100.000000
26.531250 100.000000
26.539062 100.000000
26.546875 100.000000
26.554688 100.000000
26.562500 100.000000
26.570312 100.000000
26.578125 100.000000
26.585938 100.000000
26.593750 100.000000
26.601562 100.000000
26.609375 100.000000
26.617188 100.000000
26.625000 100.000000
26.632812 100.000000
26.640625 100.000000
26.648438 100.000000
26.656250 100.000000
26.664062 100.000000
26.671875 100.000000
26.679688 100.000000
26.687500 100.000000
26.695312 100.000000
26.703125 100.000000
26.710938 100.000000
26.718750 100.000000
26.726562 100.000000
26.734375 100.000000
26.742188 100.000000
26.750000 100.000000
26.757812 100.000000
26.765625 100.000000
26.773438 100.000000
26.781250 100.000000
26.789062 100.000000
26.796875 100.000000
26.804688 100.000000
26.812500 100.000000
26.820312 100.000000
26.828125 100.000000
26.835938 100.000000
26.843750 100.000000
26.851562 100.000000
26.859375 100.000000
26.867188 100.000000
26.875000 100.000000
26.882812 100.000000
26.890625 100.000000
26.898438 100.000000
26.906250 100.000000
26.914062 100.000000
26.921875 100.000000
26.929688 100.000000
26.937500 100.000000
26.945312 100.000000
26.953125 100.000000
26.960938 100.000000
26.968750 100.000000
26.976562 100.000000
26.984375 100.000000
26.992188 100.000000
27.000000 100.000000
27.007812 100.000000
27.015625 100.000000
27.023438 100.000000
27.031250 100.000000
27.039062 100.000000
27.046875 100.000000
27.054688 100.000000
27.062500 100.000000
27.070312 100.000000
27.078125 100.000000
27.085938 100.000000
27.093750 100.000000
27.101562 100.000000
27.109375 100.000000
27.117188 100.000000
27.125000 100.000000
27.132812 100.000000
27.140625 100.000000
27.148438 100.000000
27.156250 100.000000
27.164062 100.000000
27.171875 100.000000
27.179688 100.000000
27.187500 100.000000
27.195312 100.000000
27.203125 100.000000
27.210938 100.000000
27.218750 100.000000
27.226562 100.000000
27.234375 100.000000
27.242188 100.000000
27.250000 100.000000
27.257812 100.000000
27.265625 100.000000
27.273438 100.000000
27.281250 100.000000
27.289062 100.000000
27.296875 100.000000
27.304688 100.000000
27.312500 100.000000
27.320312 100.000000
27.328125 100.000000
27.335938 100.000000
27.343750 100.000000
27.351562 100.000000
27.359375 100.000000
27.367188 100.000000
27.375000 100.000000
27.382812 100.000000
27.390625 100.000000
27.398438 100.000000
27.406250 100.000000
27.414062 100.000000
27.421875 100.000000
27.429688 100.000000
27.437500 100.000000
27.445312 100.000000
27.453125 100.000000
27.460938 100.000000
27.468750 100.000000
27.476562 100.000000
27.484375 100.000000
27.492188 100.000000
27.500000 100.000000
27.507812 100.000000
27.515625 100.000000
27.523438 100.000000
27.531250 100.000000
27.539062 100.000000
27.546875 100.000000
27.554688 100.000000
27.562500 100.000000
27.570312 100.000000
27.578125 100.000000
27.585938 100.000000
27.593750 100.000000
27.601562 100.000000
27.609375 100.000000
27.617188 100.000000
27.625000 100.000000
27.632812 100.000000
27.640625 100.000000
27.648438 100.000000
27.656250 100.000000
27.664062 100.000000
27.671875 100.000000
27.679688 100.000000
27.687500 100.000000
27.695312 100.000000
27.703125 100.000000
27.710938 100.000000
27.718750 100.000000
27.726562 100.000000
27.734375 100.000000
27.742188 100.000000
27.750000 100.000000
27.757812 100.000000
27.765625 100.000000
27.773438 100.000000
27.781250 100.000000
27.789062 100.000000
27.796875 100.000000
27.804688 100.000000
27.812500 100.000000
27.820312 100.000000
27.828125 100.000000
27.835938 100.000000
27.843750 100.000000
27.851562 100.000000
27.859375 100.000000
27.867188 100.000000
27.875000 100.000000
27.882812 100.000000
27.890625 100.000000
27.898438 100.000000
27.906250 100.000000
27.914062 100.000000
27.921875 100.000000
27.929688 100.000000
27.937500 100.000000
27.945312 100.000000
27.953125 100.000000
27.960938 100.000000
27.968750 100.000000
27.976562 100.000000
27.984375 100.000000
27.992188 100.000000
28.000000 100.000000
28.007812 100.000000
28.015625 100.000000
28.023438 100.000000
28.031250 100.000000
28.039062 100.000000
28.046875 100.000000
28.054688 100.000000
28.062500 100.000000
28.070312 100.000000
28.078125 100.000000
28.085938 100.000000
28.093750 100.000000
28.101562 100.000000
28.109375 100.000000
28.117188 100.000000
28.125000 100.000000
28.132812 100.000000
28.140625 100.000000
28.148438 100.000000
28.156250 100.000000
28.164062 100.000000
28.171875 100.000000
28.179688 100.000000
28.187500 100.000000
28.195312 100.000000
28.203125 100.000000
28.210938 100.000000
28.218750 100.000000
28.226562 100.000000
28.234375 100.000000
28.242188 100.000000
28.250000 100.000000
28.257812 100.000000
28.265625 100.000000
28.273438 100.000000
28.281250 100.000000
28.289062 100.000000
28.296875 100.000000
28.304688 100.000000
28.312500 100.000000
28.320312 100.000000
28.328125 100.000000
28.335938 100.000000
28.343750 100.000000
28.351562 100.000000
28.359375 100.000000
28.367188 100.000000
28.375000 100.000000
28.382812 100.000000
28.390625 100.000000
28.398438 100.000000
28.406250 100.000000
28.414062 100.000000
28.421875 100.000000
28.429688 100.000000
28.437500 100.000000
28.445312 100.000000
28.453125 100.000000
28.460938 100.000000
28.468750 100.000000
28.476562 100.000000
28.484375 100.000000
28.492188 100.000000
28.500000 100.000000
28.507812 100.000000
28.515625 100.000000
28.523438 100.000000
28.531250 100.000000
28.539062 100.000000
28.546875 100.000000
28.554688 100.000000
28.562500 100.000000
28.570312 100.000000
28.578125 100.000000
28.585938 100.000000
28.593750 100.000000
28.601562 100.000000
28.609375 100.000000
28.617188 100.000000
28.625000 100.000000
28.632812 100.000000
28.640625 100.000000
28.648438 100.000000
28.656250 100.000000
28.664062 100.000000
28.671875 100.000000
28.679688 100.000000
28.687500 100.000000
28.695312 100.000000
28.703125 100.000000
28.710938 100.000000
28.718750 100.000000
28.726562 100.000000
28.734375 100.000000
28.742188 100.000000
28.750000 100.000000
28.757812 100.000000
28.765625 100.000000
28.773438 100.000000
28.781250 100.000000
28.789062 100.000000
28.796875 100.000000
28.804688 100.000000
28.812500 100.000000
28.820312 100.000000
28.828125 100.000000
28.835938 100.000000
28.843750 100.000000
28.851562 100.000000
28.859375 100.000000
28.867188 100.000000
28.875000 100.000000
28.882812 100.000000
28.890625 100.000000
28.898438 100.000000
28.906250 100.000000
28.914062 100.000000
28.921875 100.000000
28.929688 100.000000
28.937500 100.000000
28.945312 100.000000
28.953125 100.000000
28.960938 100.000000
28.968750 100.000000
28.976562 100.000000
28.984375 100.000000
28.992188 100.000000
29.000000 100.000000
29.007812 100.000000
29.015625 100.000000
29.023438 100.000000
29.031250 100.000000
29.039062 100.000000
29.046875 100.000000
29.054688 100.000000
29.062500 100.000000
29.070312 100.000000
29.078125 100.000000
29.085938 100.000000
29.093750 100.000000
29.101562 100.000000
29.109375 100.000000
29.117188 100.000000
29.125000 100.000000
29.132812 100.000000
29.140625 100.000000
29.148438 100.000000
29.156250 100.000000
29.164062 100.000000
29.171875 100.000000
29.179688 100.000000
29.187500 100.000000
29.195312 100.000000
29.203125 100.000000
29.210938 100.000000
29.218750 100.000000
29.226562 100.000000
29.234375 100.000000
29.242188 100.000000
29.250000 100.000000
29.257812 100.000000
29.265625 100.000000
29.273438 100.000000
29.281250 100.000000
29.289062 100.000000
29.296875 100.000000
29.304688 100.000000
29.312500 100.000000
29.320312 100.000000
29.328125 100.000000
29.335938 100.000000
29.343750 100.000000
29.351562 100.000000
29.359375 100.000000
29.367188 100.000000
29.375000 100.000000
29.382812 100.000000
29.390625 100.000000
29.398438 100.000000
29.406250 100.000000
29.414062 100.000000
29.421875 100.000000
29.429688 100.000000
29.437500 100.000000
29.445312 100.000000
29.453125 100.000000
29.460938 100.000000
29.468750 100.000000
29.476562 100.000000
29.484375 100.000000
29.492188 100.000000
29.500000 100.000000
29.507812 100.000000
29.515625 100.000000
29.523438 100.000000
29.531250 100.000000
29.539062 100.000000
29.546875 100.000000
29.554688 100.000000
29.562500 100.000000
29.570312 100.000000
29.578125 100.000000
29.585938 100.000000
29.593750 100.000000
29.601562 100.000000
29.609375 100.000000
29.617188 100.000000
29.625000 100.000000
29.632812 100.000000
29.640625 100.000000
29.648438 100.000000
29.656250 100.000000
29.664062 100.000000
29.671875 100.000000
29.679688 100.000000
29.687500 100.000000
29.695312 100.000000
29.703125 100.000000
29.710938 100.000000
29.718750 100.000000
29.726562 100.000000
29.734375 100.000000
29.742188 100.000000
29.750000 100.000000
29.757812 100.000000
29.765625 100.000000
29.773438 100.000000
29.781250 100.000000
29.789062 100.000000
29.796875 100.000000
29.804688 100.000000
29.812500 100.000000
29.820312 100.000000
29.828125 100.000000
29.835938 100.000000
29.843750 100.000000
29.851562 100.000000
29.859375 100.000000
29.867188 100.000000
29.875000 100.000000
29.882812 100.000000
29.890625 100.000000
29.898438 100.000000
29.906250 100.000000
29.914062 100.000000
29.921875 100.000000
29.929688 100.000000
29.937500 100.000000
29.945312 100.000000
29.953125 100.000000
29.960938 100.000000
29.968750 100.000000
29.976562 100.000000
29.984375 100.000000
29.992188 100.000000
30.000000 100.000000
