0.000000 100.000000
0.007812 100.000000
0.015625 99.999999
0.023438 99.999997
0.031250 99.999994
0.039062 99.999991
0.046875 99.999987
0.054688 99.999982
0.062500 99.999976
0.070312 99.999970
0.078125 99.999963
0.085938 99.999955
0.093750 99.999947
0.101562 99.999937
0.109375 99.999928
0.117188 99.999917
0.125000 99.999906
0.132812 99.999894
0.140625 99.999881
0.148438 99.999867
0.156250 99.999853
0.164062 99.999839
0.171875 99.999823
0.179688 99.999807
0.187500 99.999790
0.195312 99.999773
0.203125 99.999755
0.210938 99.999736
0.218750 99.999717
0.226562 99.999697
0.234375 99.999677
0.242188 99.999656
0.250000 99.999634
0.257812 99.999612
0.265625 99.999589
0.273438 99.999566
0.281250 99.999542
0.289062 99.999518
0.296875 99.999493
0.304688 99.999468
0.312500 99.999442
0.320312 99.999415
0.328125 99.999389
0.335938 99.999361
0.343750 99.999334
0.351562 99.999306
0.359375 99.999277
0.367188 99.999248
0.375000 99.999219
0.382812 99.999190
0.390625 99.999160
0.398438 99.999129
0.406250 99.999099
0.414062 99.999068
0.421875 99.999037
0.429688 99.999005
0.437500 99.998973
0.445312 99.998941
0.453125 99.998909
0.460938 99.998877
0.468750 99.998844
0.476562 99.998811
0.484375 99.998778
0.492188 99.998745
0.500000 99.998712
0.507812 99.998679
0.515625 99.998645
0.523438 99.998612
0.531250 99.998578
0.539062 99.998544
0.546875 99.998511
0.554688 99.998477
0.562500 99.998443
0.570312 99.998410
0.578125 99.998376
0.585938 99.998342
0.593750 99.998309
0.601562 99.998275
0.609375 99.998242
0.617188 99.998209
0.625000 99.998175
0.632812 99.998143
0.640625 99.998110
0.648438 99.998077
0.656250 99.998045
0.664062 99.998012
0.671875 99.997980
0.679688 99.997949
0.687500 99.997917
0.695312 99.997886
0.703125 99.997855
0.710938 99.997824
0.718750 99.997794
0.726562 99.997764
0.734375 99.997734
0.742188 99.997705
0.750000 99.997676
0.757812 99.997647
0.765625 99.997619
0.773438 99.997591
0.781250 99.997564
0.789062 99.997537
0.796875 99.997511
0.804688 99.997485
0.812500 99.997460
0.820312 99.997435
0.828125 99.997410
0.835938 99.997386
0.843750 99.997363
0.851562 99.997340
0.859375 99.997318
0.867188 99.997296
0.875000 99.997275
0.882812 99.997254
0.890625 99.997234
0.898438 99.997215
0.906250 99.997196
0.914062 99.997178
0.921875 99.997161
0.929688 99.997144
0.937500 99.997128
0.945312 99.997112
0.953125 99.997097
0.960938 99.997083
0.968750 99.997070
0.976562 99.997057
0.984375 99.997045
0.992188 99.997033
1.000000 99.997022
1.007812 99.997012
1.015625 99.997003
1.023438 99.996994
1.031250 99.996987
1.039062 99.996979
1.046875 99.996973
1.054688 99.996967
1.062500 99.996962
1.070312 99.996958
1.078125 99.996955
1.085938 99.996952
1.093750 99.996950
1.101562 99.996949
1.109375 99.996948
1.117188 99.996948
1.125000 99.996949
1.132812 99.996951
1.140625 99.996954
1.148438 99.996957
1.156250 99.996961
1.164062 99.996966
1.171875 99.996971
1.179688 99.996977
1.187500 99.996984
1.195312 99.996992
1.203125 99.997000
1.210938 99.997009
1.218750 99.997019
1.226562 99.997029
1.234375 99.997041
1.242188 99.997053
1.250000 99.997065
1.257812 99.997078
1.265625 99.997092
1.273438 99.997107
1.281250 99.997122
1.289062 99.997138
1.296875 99.997155
1.304688 99.997172
1.312500 99.997190
1.320312 99.997209
1.328125 99.997228
1.335938 99.997248
1.343750 99.997268
1.351562 99.997289
1.359375 99.997310
1.367188 99.997332
1.375000 99.997355
1.382812 99.997378
1.390625 99.997402
1.398438 99.997426
1.406250 99.997451
1.414062 99.997476
1.421875 99.997502
1.429688 99.997528
1.437500 99.997555
1.445312 99.997582
1.453125 99.997610
1.460938 99.997638
1.468750 99.997666
1.476562 99.997695
1.484375 99.997724
1.492188 99.997754
1.500000 99.997783
1.507812 99.997814
1.515625 99.997844
1.523438 99.997875
1.531250 99.997906
1.539062 99.997938
1.546875 99.997969
1.554688 99.998001
1.562500 99.998033
1.570312 99.998066
1.578125 99.998098
1.585938 99.998131
1.593750 99.998164
1.601562 99.998197
1.609375 99.998230
1.617188 99.998264
1.625000 99.998297
1.632812 99.998331
1.640625 99.998364
1.648438 99.998398
1.656250 99.998432
1.664062 99.998465
1.671875 99.998499
1.679688 99.998533
1.687500 99.998567
1.695312 99.998600
1.703125 99.998634
1.710938 99.998667
1.718750 99.998701
1.726562 99.998734
1.734375 99.998767
1.742188 99.998800
1.750000 99.998833
1.757812 99.998866
1.765625 99.998898
1.773438 99.998930
1.781250 99.998962
1.789062 99.998994
1.796875 99.999026
1.804688 99.999057
1.812500 99.999088
1.820312 99.999119
1.828125 99.999149
1.835938 99.999179
1.843750 99.999209
1.851562 99.999238
1.859375 99.999267
1.867188 99.999296
1.875000 99.999324
1.882812 99.999352
1.890625 99.999379
1.898438 99.999406
1.906250 99.999433
1.914062 99.999459
1.921875 99.999484
1.929688 99.999509
1.937500 99.999534
1.945312 99.999558
1.953125 99.999581
1.960938 99.999604
1.968750 99.999627
1.976562 99.999648
1.984375 99.999670
1.992188 99.999690
2.000000 99.999710
2.007812 99.999730
2.015625 99.999749
2.023438 99.999767
2.031250 99.999785
2.039062 99.999801
2.046875 99.999818
2.054688 99.999833
2.062500 99.999848
2.070312 99.999863
2.078125 99.999876
2.085938 99.999889
2.093750 99.999902
2.101562 99.999913
2.109375 99.999924
2.117188 99.999934
2.125000 99.999944
2.132812 99.999952
2.140625 99.999960
2.148438 99.999968
2.156250 99.999974
2.164062 99.999980
2.171875 99.999985
2.179688 99.999989
2.187500 99.999993
2.195312 99.999996
2.203125 99.999998
2.210938 99.999999
2.218750 100.000000
2.226562 100.000000
2.234375 99.999999
2.242188 99.999997
2.250000 99.999995
2.257812 99.999992
2.265625 99.999988
2.273438 99.999984
2.281250 99.999978
2.289062 99.999972
2.296875 99.999965
2.304688 99.999958
2.312500 99.999950
2.320312 99.999941
2.328125 99.999931
2.335938 99.999921
2.343750 99.999910
2.351562 99.999898
2.359375 99.999885
2.367188 99.999872
2.375000 99.999858
2.382812 99.999844
2.390625 99.999829
2.398438 99.999813
2.406250 99.999796
2.414062 99.999779
2.421875 99.999761
2.429688 99.999743
2.437500 99.999724
2.445312 99.999704
2.453125 99.999684
2.460938 99.999663
2.468750 99.999642
2.476562 99.999620
2.484375 99.999597
2.492188 99.999574
2.500000 99.999550
2.507812 99.999526
2.515625 99.999502
2.523438 99.999476
2.531250 99.999451
2.539062 99.999425
2.546875 99.999398
2.554688 99.999371
2.562500 99.999343
2.570312 99.999315
2.578125 99.999287
2.585938 99.999258
2.593750 99.999229
2.601562 99.999200
2.609375 99.999170
2.617188 99.999140
2.625000 99.999109
2.632812 99.999078
2.640625 99.999047
2.648438 99.999016
2.656250 99.998984
2.664062 99.998952
2.671875 99.998920
2.679688 99.998888
2.687500 99.998855
2.695312 99.998823
2.703125 99.998790
2.710938 99.998757
2.718750 99.998723
2.726562 99.998690
2.734375 99.998657
2.742188 99.998623
2.750000 99.998590
2.757812 99.998556
2.765625 99.998522
2.773438 99.998489
2.781250 99.998455
2.789062 99.998421
2.796875 99.998387
2.804688 99.998354
2.812500 99.998320
2.820312 99.998287
2.828125 99.998253
2.835938 99.998220
2.843750 99.998187
2.851562 99.998154
2.859375 99.998121
2.867188 99.998088
2.875000 99.998056
2.882812 99.998023
2.890625 99.997991
2.898438 99.997959
2.906250 99.997928
2.914062 99.997896
2.921875 99.997865
2.929688 99.997835
2.937500 99.997804
2.945312 99.997774
2.953125 99.997744
2.960938 99.997715
2.968750 99.997686
2.976562 99.997657
2.984375 99.997629
2.992188 99.997601
3.000000 99.997574
3.007812 99.997547
3.015625 99.997520
3.023438 99.997494
3.031250 99.997468
3.039062 99.997443
3.046875 99.997419
3.054688 99.997394
3.062500 99.997371
3.070312 99.997348
3.078125 99.997325
3.085938 99.997304
3.093750 99.997282
3.101562 99.997261
3.109375 99.997241
3.117188 99.997222
3.125000 99.997203
3.132812 99.997184
3.140625 99.997167
3.148438 99.997150
3.156250 99.997133
3.164062 99.997117
3.171875 99.997102
3.179688 99.997088
3.187500 99.997074
3.195312 99.997061
3.203125 99.997049
3.210938 99.997037
3.218750 99.997026
3.226562 99.997016
3.234375 99.997006
3.242188 99.996997
3.250000 99.996989
3.257812 99.996982
3.265625 99.996975
3.273438 99.996969
3.281250 99.996964
3.289062 99.996960
3.296875 99.996956
3.304688 99.996953
3.312500 99.996951
3.320312 99.996949
3.328125 99.996948
3.335938 99.996948
3.343750 99.996949
3.351562 99.996951
3.359375 99.996953
3.367188 99.996956
3.375000 99.996959
3.382812 99.996964
3.390625 99.996969
3.398438 99.996975
3.406250 99.996982
3.414062 99.996989
3.421875 99.996997
3.429688 99.997006
3.437500 99.997015
3.445312 99.997026
3.453125 99.997037
3.460938 99.997048
3.468750 99.997061
3.476562 99.997074
3.484375 99.997088
3.492188 99.997102
3.500000 99.997117
3.507812 99.997133
3.515625 99.997149
3.523438 99.997166
3.531250 99.997184
3.539062 99.997202
3.546875 99.997221
3.554688 99.997241
3.562500 99.997261
3.570312 99.997282
3.578125 99.997303
3.585938 99.997325
3.593750 99.997347
3.601562 99.997370
3.609375 99.997394
3.617188 99.997418
3.625000 99.997442
3.632812 99.997468
3.640625 99.997493
3.648438 99.997519
3.656250 99.997546
3.664062 99.997573
3.671875 99.997600
3.679688 99.997628
3.687500 99.997656
3.695312 99.997685
3.703125 99.997714
3.710938 99.997743
3.718750 99.997773
3.726562 99.997803
3.734375 99.997834
3.742188 99.997864
3.750000 99.997896
3.757812 99.997927
3.765625 99.997958
3.773438 99.997990
3.781250 99.998022
3.789062 99.998055
3.796875 99.998087
3.804688 99.998120
3.812500 99.998153
3.820312 99.998186
3.828125 99.998219
3.835938 99.998252
3.843750 99.998286
3.851562 99.998319
3.859375 99.998353
3.867188 99.998386
3.875000 99.998420
3.882812 99.998454
3.890625 99.998488
3.898438 99.998521
3.906250 99.998555
3.914062 99.998589
3.921875 99.998622
3.929688 99.998656
3.937500 99.998689
3.945312 99.998723
3.953125 99.998756
3.960938 99.998789
3.968750 99.998822
3.976562 99.998854
3.984375 99.998887
3.992188 99.998919
4.000000 99.998951
4.007812 99.998983
4.015625 99.999015
4.023438 99.999046
4.031250 99.999078
4.039062 99.999108
4.046875 99.999139
4.054688 99.999169
4.062500 99.999199
4.070312 99.999228
4.078125 99.999258
4.085938 99.999286
4.093750 99.999315
4.101562 99.999343
4.109375 99.999370
4.117188 99.999397
4.125000 99.999424
4.132812 99.999450
4.140625 99.999476
4.148438 99.999501
4.156250 99.999525
4.164062 99.999550
4.171875 99.999573
4.179688 99.999596
4.187500 99.999619
4.195312 99.999641
4.203125 99.999662
4.210938 99.999683
4.218750 99.999704
4.226562 99.999723
4.234375 99.999742
4.242188 99.999761
4.250000 99.999779
4.257812 99.999796
4.265625 99.999812
4.273438 99.999828
4.281250 99.999843
4.289062 99.999858
4.296875 99.999872
4.304688 99.999885
4.312500 99.999897
4.320312 99.999909
4.328125 99.999920
4.335938 99.999931
4.343750 99.999940
4.351562 99.999949
4.359375 99.999958
4.367188 99.999965
4.375000 99.999972
4.382812 99.999978
4.390625 99.999983
4.398438 99.999988
4.406250 99.999992
4.414062 99.999995
4.421875 99.999997
4.429688 99.999999
4.437500 100.000000
4.445312 100.000000
4.453125 99.999999
4.460938 99.999998
4.468750 99.999996
4.476562 99.999993
4.484375 99.999989
4.492188 99.999985
4.500000 99.999980
4.507812 99.999974
4.515625 99.999968
4.523438 99.999961
4.531250 99.999953
4.539062 99.999944
4.546875 99.999934
4.554688 99.999924
4.562500 99.999913
4.570312 99.999902
4.578125 99.999890
4.585938 99.999877
4.593750 99.999863
4.601562 99.999849
4.609375 99.999834
4.617188 99.999818
4.625000 99.999802
4.632812 99.999785
4.640625 99.999767
4.648438 99.999749
4.656250 99.999730
4.664062 99.999711
4.671875 99.999691
4.679688 99.999670
4.687500 99.999649
4.695312 99.999627
4.703125 99.999605
4.710938 99.999582
4.718750 99.999559
4.726562 99.999535
4.734375 99.999510
4.742188 99.999485
4.750000 99.999460
4.757812 99.999434
4.765625 99.999407
4.773438 99.999380
4.781250 99.999353
4.789062 99.999325
4.796875 99.999297
4.804688 99.999268
4.812500 99.999239
4.820312 99.999210
4.828125 99.999180
4.835938 99.999150
4.843750 99.999120
4.851562 99.999089
4.859375 99.999058
4.867188 99.999027
4.875000 99.998995
4.882812 99.998963
4.890625 99.998931
4.898438 99.998899
4.906250 99.998867
4.914062 99.998834
4.921875 99.998801
4.929688 99.998768
4.937500 99.998735
4.945312 99.998702
4.953125 99.998668
4.960938 99.998635
4.968750 99.998601
4.976562 99.998568
4.984375 99.998534
4.992188 99.998500
5.000000 99.998466
5.007812 99.998433
5.015625 99.998399
5.023438 99.998365
5.031250 99.998332
5.039062 99.998298
5.046875 99.998265
5.054688 99.998231
5.062500 99.998198
5.070312 99.998165
5.078125 99.998132
5.085938 99.998099
5.093750 99.998067
5.101562 99.998034
5.109375 99.998002
5.117188 99.997970
5.125000 99.997939
5.132812 99.997907
5.140625 99.997876
5.148438 99.997845
5.156250 99.997815
5.164062 99.997784
5.171875 99.997754
5.179688 99.997725
5.187500 99.997696
5.195312 99.997667
5.203125 99.997638
5.210938 99.997610
5.218750 99.997583
5.226562 99.997556
5.234375 99.997529
5.242188 99.997503
5.250000 99.997477
5.257812 99.997452
5.265625 99.997427
5.273438 99.997403
5.281250 99.997379
5.289062 99.997356
5.296875 99.997333
5.304688 99.997311
5.312500 99.997289
5.320312 99.997268
5.328125 99.997248
5.335938 99.997228
5.343750 99.997209
5.351562 99.997191
5.359375 99.997173
5.367188 99.997155
5.375000 99.997139
5.382812 99.997123
5.390625 99.997107
5.398438 99.997093
5.406250 99.997079
5.414062 99.997066
5.421875 99.997053
5.429688 99.997041
5.437500 99.997030
5.445312 99.997019
5.453125 99.997009
5.460938 99.997000
5.468750 99.996992
5.476562 99.996984
5.484375 99.996977
5.492188 99.996971
5.500000 99.996966
5.507812 99.996961
5.515625 99.996957
5.523438 99.996954
5.531250 99.996951
5.539062 99.996950
5.546875 99.996949
5.554688 99.996948
5.562500 99.996949
5.570312 99.996950
5.578125 99.996952
5.585938 99.996955
5.593750 99.996958
5.601562 99.996962
5.609375 99.996967
5.617188 99.996973
5.625000 99.996979
5.632812 99.996986
5.640625 99.996994
5.648438 99.997003
5.656250 99.997012
5.664062 99.997022
5.671875 99.997033
5.679688 99.997044
5.687500 99.997056
5.695312 99.997069
5.703125 99.997083
5.710938 99.997097
5.718750 99.997112
5.726562 99.997127
5.734375 99.997143
5.742188 99.997160
5.750000 99.997178
5.757812 99.997196
5.765625 99.997215
5.773438 99.997234
5.781250 99.997254
5.789062 99.997274
5.796875 99.997296
5.804688 99.997317
5.812500 99.997339
5.820312 99.997362
5.828125 99.997386
5.835938 99.997410
5.843750 99.997434
5.851562 99.997459
5.859375 99.997484
5.867188 99.997510
5.875000 99.997537
5.882812 99.997563
5.890625 99.997591
5.898438 99.997618
5.906250 99.997647
5.914062 99.997675
5.921875 99.997704
5.929688 99.997733
5.937500 99.997763
5.945312 99.997793
5.953125 99.997823
5.960938 99.997854
5.968750 99.997885
5.976562 99.997916
5.984375 99.997948
5.992188 99.997979
6.000000 99.998011
6.007812 99.998044
6.015625 99.998076
6.023438 99.998109
6.031250 99.998142
6.039062 99.998175
6.046875 99.998208
6.054688 99.998241
6.062500 99.998274
6.070312 99.998308
6.078125 99.998341
6.085938 99.998375
6.093750 99.998409
6.101562 99.998442
6.109375 99.998476
6.117188 99.998510
6.125000 99.998543
6.132812 99.998577
6.140625 99.998611
6.148438 99.998644
6.156250 99.998678
6.164062 99.998711
6.171875 99.998744
6.179688 99.998777
6.187500 99.998810
6.195312 99.998843
6.203125 99.998876
6.210938 99.998908
6.218750 99.998940
6.226562 99.998972
6.234375 99.999004
6.242188 99.999036
6.250000 99.999067
6.257812 99.999098
6.265625 99.999128
6.273438 99.999159
6.281250 99.999189
6.289062 99.999218
6.296875 99.999248
6.304688 99.999276
6.312500 99.999305
6.320312 99.999333
6.328125 99.999361
6.335938 99.999388
6.343750 99.999415
6.351562 99.999441
6.359375 99.999467
6.367188 99.999492
6.375000 99.999517
6.382812 99.999541
6.390625 99.999565
6.398438 99.999589
6.406250 99.999611
6.414062 99.999634
6.421875 99.999655
6.429688 99.999676
6.437500 99.999697
6.445312 99.999717
6.453125 99.999736
6.460938 99.999754
6.468750 99.999773
6.476562 99.999790
6.484375 99.999807
6.492188 99.999823
6.500000 99.999838
6.507812 99.999853
6.515625 99.999867
6.523438 99.999881
6.531250 99.999893
6.539062 99.999905
6.546875 99.999917
6.554688 99.999927
6.562500 99.999937
6.570312 99.999946
6.578125 99.999955
6.585938 99.999963
6.593750 99.999970
6.601562 99.999976
6.609375 99.999982
6.617188 99.999986
6.625000 99.999991
6.632812 99.999994
6.640625 99.999997
6.648438 99.999998
6.656250 100.000000
6.664062 100.000000
6.671875 100.000000
6.679688 99.999999
6.687500 99.999997
6.695312 99.999994
6.703125 99.999991
6.710938 99.999987
6.718750 99.999982
6.726562 99.999976
6.734375 99.999970
6.742188 99.999963
6.750000 99.999955
6.757812 99.999947
6.765625 99.999938
6.773438 99.999928
6.781250 99.999917
6.789062 99.999906
6.796875 99.999894
6.804688 99.999881
6.812500 99.999868
6.820312 99.999854
6.828125 99.999839
6.835938 99.999824
6.843750 99.999808
6.851562 99.999791
6.859375 99.999774
6.867188 99.999756
6.875000 99.999737
6.882812 99.999718
6.890625 99.999698
6.898438 99.999677
6.906250 99.999656
6.914062 99.999635
6.921875 99.999613
6.929688 99.999590
6.937500 99.999567
6.945312 99.999543
6.953125 99.999519
6.960938 99.999494
6.968750 99.999468
6.976562 99.999443
6.984375 99.999416
6.992188 99.999389
7.000000 99.999362
7.007812 99.999335
7.015625 99.999307
7.023438 99.999278
7.031250 99.999249
7.039062 99.999220
7.046875 99.999190
7.054688 99.999161
7.062500 99.999130
7.070312 99.999100
7.078125 99.999069
7.085938 99.999038
7.093750 99.999006
7.101562 99.998974
7.109375 99.998942
7.117188 99.998910
7.125000 99.998878
7.132812 99.998845
7.140625 99.998812
7.148438 99.998779
7.156250 99.998746
7.164062 99.998713
7.171875 99.998680
7.179688 99.998646
7.187500 99.998613
7.195312 99.998579
7.203125 99.998545
7.210938 99.998512
7.218750 99.998478
7.226562 99.998444
7.234375 99.998411
7.242188 99.998377
7.250000 99.998343
7.257812 99.998310
7.265625 99.998276
7.273438 99.998243
7.281250 99.998210
7.289062 99.998176
7.296875 99.998143
7.304688 99.998111
7.312500 99.998078
7.320312 99.998046
7.328125 99.998013
7.335938 99.997981
7.343750 99.997949
7.351562 99.997918
7.359375 99.997887
7.367188 99.997856
7.375000 99.997825
7.382812 99.997795
7.390625 99.997765
7.398438 99.997735
7.406250 99.997706
7.414062 99.997677
7.421875 99.997648
7.429688 99.997620
7.437500 99.997592
7.445312 99.997565
7.453125 99.997538
7.460938 99.997512
7.468750 99.997486
7.476562 99.997460
7.484375 99.997435
7.492188 99.997411
7.500000 99.997387
7.507812 99.997364
7.515625 99.997341
7.523438 99.997318
7.531250 99.997297
7.539062 99.997276
7.546875 99.997255
7.554688 99.997235
7.562500 99.997216
7.570312 99.997197
7.578125 99.997179
7.585938 99.997161
7.593750 99.997144
7.601562 99.997128
7.609375 99.997113
7.617188 99.997098
7.625000 99.997084
7.632812 99.997070
7.640625 99.997057
7.648438 99.997045
7.656250 99.997034
7.664062 99.997023
7.671875 99.997013
7.679688 99.997003
7.687500 99.996995
7.695312 99.996987
7.703125 99.996980
7.710938 99.996973
7.718750 99.996968
7.726562 99.996963
7.734375 99.996958
7.742188 99.996955
7.750000 99.996952
7.757812 99.996950
7.765625 99.996949
7.773438 99.996948
7.781250 99.996948
7.789062 99.996949
7.796875 99.996951
7.804688 99.996954
7.812500 99.996957
7.820312 99.996961
7.828125 99.996965
7.835938 99.996971
7.843750 99.996977
7.851562 99.996984
7.859375 99.996991
7.867188 99.997000
7.875000 99.997009
7.882812 99.997019
7.890625 99.997029
7.898438 99.997040
7.906250 99.997052
7.914062 99.997065
7.921875 99.997078
7.929688 99.997092
7.937500 99.997107
7.945312 99.997122
7.953125 99.997138
7.960938 99.997154
7.968750 99.997172
7.976562 99.997190
7.984375 99.997208
7.992188 99.997227
8.000000 99.997247
8.007812 99.997267
8.015625 99.997288
8.023438 99.997310
8.031250 99.997332
8.039062 99.997354
8.046875 99.997378
8.054688 99.997401
8.062500 99.997426
8.070312 99.997450
8.078125 99.997476
8.085938 99.997501
8.093750 99.997527
8.101562 99.997554
8.109375 99.997581
8.117188 99.997609
8.125000 99.997637
8.132812 99.997665
8.140625 99.997694
8.148438 99.997723
8.156250 99.997753
8.164062 99.997783
8.171875 99.997813
8.179688 99.997843
8.187500 99.997874
8.195312 99.997905
8.203125 99.997937
8.210938 99.997968
8.218750 99.998000
8.226562 99.998033
8.234375 99.998065
8.242188 99.998098
8.250000 99.998130
8.257812 99.998163
8.265625 99.998196
8.273438 99.998229
8.281250 99.998263
8.289062 99.998296
8.296875 99.998330
8.304688 99.998363
8.312500 99.998397
8.320312 99.998431
8.328125 99.998464
8.335938 99.998498
8.343750 99.998532
8.351562 99.998566
8.359375 99.998599
8.367188 99.998633
8.375000 99.998666
8.382812 99.998700
8.390625 99.998733
8.398438 99.998766
8.406250 99.998799
8.414062 99.998832
8.421875 99.998865
8.429688 99.998897
8.437500 99.998929
8.445312 99.998962
8.453125 99.998993
8.460938 99.999025
8.468750 99.999056
8.476562 99.999087
8.484375 99.999118
8.492188 99.999148
8.500000 99.999178
8.507812 99.999208
8.515625 99.999238
8.523438 99.999267
8.531250 99.999295
8.539062 99.999323
8.546875 99.999351
8.554688 99.999379
8.562500 99.999406
8.570312 99.999432
8.578125 99.999458
8.585938 99.999484
8.593750 99.999509
8.601562 99.999533
8.609375 99.999557
8.617188 99.999581
8.625000 99.999604
8.632812 99.999626
8.640625 99.999648
8.648438 99.999669
8.656250 99.999690
8.664062 99.999710
8.671875 99.999729
8.679688 99.999748
8.687500 99.999766
8.695312 99.999784
8.703125 99.999801
8.710938 99.999817
8.718750 99.999833
8.726562 99.999848
8.734375 99.999862
8.742188 99.999876
8.750000 99.999889
8.757812 99.999901
8.765625 99.999913
8.773438 99.999924
8.781250 99.999934
8.789062 99.999943
8.796875 99.999952
8.804688 99.999960
8.812500 99.999967
8.820312 99.999974
8.828125 99.999980
8.835938 99.999985
8.843750 99.999989
8.851562 99.999993
8.859375 99.999996
8.867188 99.999998
8.875000 99.999999
8.882812 100.000000
8.890625 100.000000
8.898438 99.999999
8.906250 99.999997
8.914062 99.999995
8.921875 99.999992
8.929688 99.999988
8.937500 99.999984
8.945312 99.999978
8.953125 99.999972
8.960938 99.999966
8.968750 99.999958
8.976562 99.999950
8.984375 99.999941
8.992188 99.999931
9.000000 99.999921
9.007812 99.999910
9.015625 99.999898
9.023438 99.999886
9.031250 99.999873
9.039062 99.999859
9.046875 99.999844
9.054688 99.999829
9.062500 99.999813
9.070312 99.999797
9.078125 99.999780
9.085938 99.999762
9.093750 99.999743
9.101562 99.999724
9.109375 99.999705
9.117188 99.999685
9.125000 99.999664
9.132812 99.999642
9.140625 99.999620
9.148438 99.999598
9.156250 99.999575
9.164062 99.999551
9.171875 99.999527
9.179688 99.999502
9.187500 99.999477
9.195312 99.999451
9.203125 99.999425
9.210938 99.999399
9.218750 99.999372
9.226562 99.999344
9.234375 99.999316
9.242188 99.999288
9.250000 99.999259
9.257812 99.999230
9.265625 99.999201
9.273438 99.999171
9.281250 99.999141
9.289062 99.999110
9.296875 99.999079
9.304688 99.999048
9.312500 99.999017
9.320312 99.998985
9.328125 99.998953
9.335938 99.998921
9.343750 99.998889
9.351562 99.998856
9.359375 99.998824
9.367188 99.998791
9.375000 99.998758
9.382812 99.998724
9.390625 99.998691
9.398438 99.998658
9.406250 99.998624
9.414062 99.998591
9.421875 99.998557
9.429688 99.998523
9.437500 99.998490
9.445312 99.998456
9.453125 99.998422
9.460938 99.998388
9.468750 99.998355
9.476562 99.998321
9.484375 99.998288
9.492188 99.998254
9.500000 99.998221
9.507812 99.998188
9.515625 99.998155
9.523438 99.998122
9.531250 99.998089
9.539062 99.998057
9.546875 99.998024
9.554688 99.997992
9.562500 99.997960
9.570312 99.997929
9.578125 99.997897
9.585938 99.997866
9.593750 99.997835
9.601562 99.997805
9.609375 99.997775
9.617188 99.997745
9.625000 99.997716
9.632812 99.997687
9.640625 99.997658
9.648438 99.997630
9.656250 99.997602
9.664062 99.997574
9.671875 99.997547
9.679688 99.997521
9.687500 99.997495
9.695312 99.997469
9.703125 99.997444
9.710938 99.997419
9.718750 99.997395
9.726562 99.997372
9.734375 99.997349
9.742188 99.997326
9.750000 99.997304
9.757812 99.997283
9.765625 99.997262
9.773438 99.997242
9.781250 99.997222
9.789062 99.997203
9.796875 99.997185
9.804688 99.997167
9.812500 99.997150
9.820312 99.997134
9.828125 99.997118
9.835938 99.997103
9.843750 99.997088
9.851562 99.997075
9.859375 99.997061
9.867188 99.997049
9.875000 99.997037
9.882812 99.997026
9.890625 99.997016
9.898438 99.997006
9.906250 99.996998
9.914062 99.996989
9.921875 99.996982
9.929688 99.996975
9.937500 99.996969
9.945312 99.996964
9.953125 99.996960
9.960938 99.996956
9.968750 99.996953
9.976562 99.996951
9.984375 99.996949
9.992188 99.996948
10.000000 99.996948
10.007812 99.996949
10.015625 99.996950
10.023438 99.996953
10.031250 99.996956
10.039062 99.996959
10.046875 99.996964
10.054688 99.996969
10.062500 99.996975
10.070312 99.996981
10.078125 99.996989
10.085938 99.996997
10.093750 99.997006
10.101562 99.997015
10.109375 99.997025
10.117188 99.997036
10.125000 99.997048
10.132812 99.997060
10.140625 99.997073
10.148438 99.997087
10.156250 99.997101
10.164062 99.997117
10.171875 99.997132
10.179688 99.997149
10.187500 99.997166
10.195312 99.997183
10.203125 99.997202
10.210938 99.997221
10.218750 99.997240
10.226562 99.997260
10.234375 99.997281
10.242188 99.997302
10.250000 99.997324
10.257812 99.997347
10.265625 99.997370
10.273438 99.997393
10.281250 99.997417
10.289062 99.997442
10.296875 99.997467
10.304688 99.997492
10.312500 99.997518
10.320312 99.997545
10.328125 99.997572
10.335938 99.997599
10.343750 99.997627
10.351562 99.997655
10.359375 99.997684
10.367188 99.997713
10.375000 99.997743
10.382812 99.997772
10.390625 99.997802
10.398438 99.997833
10.406250 99.997864
10.414062 99.997895
10.421875 99.997926
10.429688 99.997958
10.437500 99.997989
10.445312 99.998021
10.453125 99.998054
10.460938 99.998086
10.468750 99.998119
10.476562 99.998152
10.484375 99.998185
10.492188 99.998218
10.500000 99.998251
10.507812 99.998285
10.515625 99.998318
10.523438 99.998352
10.531250 99.998386
10.539062 99.998419
10.546875 99.998453
10.554688 99.998487
10.562500 99.998520
10.570312 99.998554
10.578125 99.998588
10.585938 99.998621
10.593750 99.998655
10.601562 99.998688
10.609375 99.998722
10.617188 99.998755
10.625000 99.998788
10.632812 99.998821
10.640625 99.998853
10.648438 99.998886
10.656250 99.998918
10.664062 99.998951
10.671875 99.998982
10.679688 99.999014
10.687500 99.999046
10.695312 99.999077
10.703125 99.999107
10.710938 99.999138
10.718750 99.999168
10.726562 99.999198
10.734375 99.999228
10.742188 99.999257
10.750000 99.999285
10.757812 99.999314
10.765625 99.999342
10.773438 99.999369
10.781250 99.999396
10.789062 99.999423
10.796875 99.999449
10.804688 99.999475
10.812500 99.999500
10.820312 99.999525
10.828125 99.999549
10.835938 99.999573
10.843750 99.999596
10.851562 99.999618
10.859375 99.999640
10.867188 99.999662
10.875000 99.999683
10.882812 99.999703
10.890625 99.999723
10.898438 99.999742
10.906250 99.999760
10.914062 99.999778
10.921875 99.999795
10.929688 99.999812
10.937500 99.999828
10.945312 99.999843
10.953125 99.999857
10.960938 99.999871
10.968750 99.999885
10.976562 99.999897
10.984375 99.999909
10.992188 99.999920
11.000000 99.999930
11.007812 99.999940
11.015625 99.999949
11.023438 99.999957
11.031250 99.999965
11.039062 99.999972
11.046875 99.999978
11.054688 99.999983
11.062500 99.999988
11.070312 99.999992
11.078125 99.999995
11.085938 99.999997
11.093750 99.999999
11.101562 100.000000
11.109375 100.000000
11.117188 99.999999
11.125000 99.999998
11.132812 99.999996
11.140625 99.999993
11.148438 99.999990
11.156250 99.999985
11.164062 99.999980
11.171875 99.999975
11.179688 99.999968
11.187500 99.999961
11.195312 99.999953
11.203125 99.999944
11.210938 99.999935
11.218750 99.999925
11.226562 99.999914
11.234375 99.999902
11.242188 99.999890
11.250000 99.999877
11.257812 99.999864
11.265625 99.999849
11.273438 99.999834
11.281250 99.999819
11.289062 99.999802
11.296875 99.999786
11.304688 99.999768
11.312500 99.999750
11.320312 99.999731
11.328125 99.999712
11.335938 99.999692
11.343750 99.999671
11.351562 99.999650
11.359375 99.999628
11.367188 99.999606
11.375000 99.999583
11.382812 99.999559
11.390625 99.999535
11.398438 99.999511
11.406250 99.999486
11.414062 99.999460
11.421875 99.999434
11.429688 99.999408
11.437500 99.999381
11.445312 99.999354
11.453125 99.999326
11.460938 99.999298
11.468750 99.999269
11.476562 99.999240
11.484375 99.999211
11.492188 99.999181
11.500000 99.999151
11.507812 99.999121
11.515625 99.999090
11.523438 99.999059
11.531250 99.999028
11.539062 99.998996
11.546875 99.998964
11.554688 99.998932
11.562500 99.998900
11.570312 99.998868
11.578125 99.998835
11.585938 99.998802
11.593750 99.998769
11.601562 99.998736
11.609375 99.998703
11.617188 99.998669
11.625000 99.998636
11.632812 99.998602
11.640625 99.998569
11.648438 99.998535
11.656250 99.998501
11.664062 99.998467
11.671875 99.998434
11.679688 99.998400
11.687500 99.998366
11.695312 99.998333
11.703125 99.998299
11.710938 99.998266
11.718750 99.998232
11.726562 99.998199
11.734375 99.998166
11.742188 99.998133
11.750000 99.998100
11.757812 99.998068
11.765625 99.998035
11.773438 99.998003
11.781250 99.997971
11.789062 99.997940
11.796875 99.997908
11.804688 99.997877
11.812500 99.997846
11.820312 99.997815
11.828125 99.997785
11.835938 99.997755
11.843750 99.997726
11.851562 99.997697
11.859375 99.997668
11.867188 99.997639
11.875000 99.997611
11.882812 99.997584
11.890625 99.997557
11.898438 99.997530
11.906250 99.997504
11.914062 99.997478
11.921875 99.997452
11.929688 99.997428
11.937500 99.997403
11.945312 99.997380
11.953125 99.997356
11.960938 99.997334
11.968750 99.997312
11.976562 99.997290
11.984375 99.997269
11.992188 99.997249
12.000000 99.997229
12.007812 99.997210
12.015625 99.997191
12.023438 99.997173
12.031250 99.997156
12.039062 99.997139
12.046875 99.997123
12.054688 99.997108
12.062500 99.997093
12.070312 99.997079
12.078125 99.997066
12.085938 99.997053
12.093750 99.997041
12.101562 99.997030
12.109375 99.997020
12.117188 99.997010
12.125000 99.997001
12.132812 99.996992
12.140625 99.996985
12.148438 99.996978
12.156250 99.996971
12.164062 99.996966
12.171875 99.996961
12.179688 99.996957
12.187500 99.996954
12.195312 99.996951
12.203125 99.996950
12.210938 99.996949
12.218750 99.996948
12.226562 99.996949
12.234375 99.996950
12.242188 99.996952
12.250000 99.996955
12.257812 99.996958
12.265625 99.996962
12.273438 99.996967
12.281250 99.996973
12.289062 99.996979
12.296875 99.996986
12.304688 99.996994
12.312500 99.997003
12.320312 99.997012
12.328125 99.997022
12.335938 99.997033
12.343750 99.997044
12.351562 99.997056
12.359375 99.997069
12.367188 99.997082
12.375000 99.997096
12.382812 99.997111
12.390625 99.997127
12.398438 99.997143
12.406250 99.997160
12.414062 99.997177
12.421875 99.997195
12.429688 99.997214
12.437500 99.997233
12.445312 99.997253
12.453125 99.997274
12.460938 99.997295
12.468750 99.997317
12.476562 99.997339
12.484375 99.997362
12.492188 99.997385
12.500000 99.997409
12.507812 99.997433
12.515625 99.997458
12.523438 99.997484
12.531250 99.997509
12.539062 99.997536
12.546875 99.997563
12.554688 99.997590
12.562500 99.997618
12.570312 99.997646
12.578125 99.997674
12.585938 99.997703
12.593750 99.997732
12.601562 99.997762
12.609375 99.997792
12.617188 99.997822
12.625000 99.997853
12.632812 99.997884
12.640625 99.997915
12.648438 99.997947
12.656250 99.997978
12.664062 99.998010
12.671875 99.998043
12.679688 99.998075
12.687500 99.998108
12.695312 99.998141
12.703125 99.998174
12.710938 99.998207
12.718750 99.998240
12.726562 99.998273
12.734375 99.998307
12.742188 99.998340
12.750000 99.998374
12.757812 99.998408
12.765625 99.998441
12.773438 99.998475
12.781250 99.998509
12.789062 99.998542
12.796875 99.998576
12.804688 99.998610
12.812500 99.998643
12.820312 99.998677
12.828125 99.998710
12.835938 99.998743
12.843750 99.998776
12.851562 99.998809
12.859375 99.998842
12.867188 99.998875
12.875000 99.998907
12.882812 99.998940
12.890625 99.998972
12.898438 99.999003
12.906250 99.999035
12.914062 99.999066
12.921875 99.999097
12.929688 99.999128
12.937500 99.999158
12.945312 99.999188
12.953125 99.999217
12.960938 99.999247
12.968750 99.999276
12.976562 99.999304
12.984375 99.999332
12.992188 99.999360
13.000000 99.999387
13.007812 99.999414
13.015625 99.999440
13.023438 99.999466
13.031250 99.999491
13.039062 99.999516
13.046875 99.999541
13.054688 99.999565
13.062500 99.999588
13.070312 99.999611
13.078125 99.999633
13.085938 99.999655
13.093750 99.999676
13.101562 99.999696
13.109375 99.999716
13.117188 99.999735
13.125000 99.999754
13.132812 99.999772
13.140625 99.999789
13.148438 99.999806
13.156250 99.999822
13.164062 99.999838
13.171875 99.999853
13.179688 99.999867
13.187500 99.999880
13.195312 99.999893
13.203125 99.999905
13.210938 99.999916
13.218750 99.999927
13.226562 99.999937
13.234375 99.999946
13.242188 99.999955
13.250000 99.999962
13.257812 99.999970
13.265625 99.999976
13.273438 99.999981
13.281250 99.999986
13.289062 99.999990
13.296875 99.999994
13.304688 99.999997
13.312500 99.999998
13.320312 100.000000
13.328125 100.000000
13.335938 100.000000
13.343750 99.999999
13.351562 99.999997
13.359375 99.999994
13.367188 99.999991
13.375000 99.999987
13.382812 99.999982
13.390625 99.999977
13.398438 99.999970
13.406250 99.999963
13.414062 99.999956
13.421875 99.999947
13.429688 99.999938
13.437500 99.999928
13.445312 99.999918
13.453125 99.999906
13.460938 99.999894
13.468750 99.999882
13.476562 99.999868
13.484375 99.999854
13.492188 99.999840
13.500000 99.999824
13.507812 99.999808
13.515625 99.999791
13.523438 99.999774
13.531250 99.999756
13.539062 99.999737
13.546875 99.999718
13.554688 99.999698
13.562500 99.999678
13.570312 99.999657
13.578125 99.999635
13.585938 99.999613
13.593750 99.999591
13.601562 99.999567
13.609375 99.999544
13.617188 99.999519
13.625000 99.999494
13.632812 99.999469
13.640625 99.999443
13.648438 99.999417
13.656250 99.999390
13.664062 99.999363
13.671875 99.999335
13.679688 99.999307
13.687500 99.999279
13.695312 99.999250
13.703125 99.999221
13.710938 99.999191
13.718750 99.999161
13.726562 99.999131
13.734375 99.999101
13.742188 99.999070
13.750000 99.999038
13.757812 99.999007
13.765625 99.998975
13.773438 99.998943
13.781250 99.998911
13.789062 99.998879
13.796875 99.998846
13.804688 99.998813
13.812500 99.998780
13.820312 99.998747
13.828125 99.998714
13.835938 99.998681
13.843750 99.998647
13.851562 99.998614
13.859375 99.998580
13.867188 99.998546
13.875000 99.998513
13.882812 99.998479
13.890625 99.998445
13.898438 99.998412
13.906250 99.998378
13.914062 99.998344
13.921875 99.998311
13.929688 99.998277
13.937500 99.998244
13.945312 99.998211
13.953125 99.998177
13.960938 99.998144
13.968750 99.998112
13.976562 99.998079
13.984375 99.998046
13.992188 99.998014
14.000000 99.997982
14.007812 99.997950
14.015625 99.997919
14.023438 99.997888
14.031250 99.997857
14.039062 99.997826
14.046875 99.997796
14.054688 99.997766
14.062500 99.997736
14.070312 99.997706
14.078125 99.997678
14.085938 99.997649
14.093750 99.997621
14.101562 99.997593
14.109375 99.997566
14.117188 99.997539
14.125000 99.997512
14.132812 99.997487
14.140625 99.997461
14.148438 99.997436
14.156250 99.997412
14.164062 99.997388
14.171875 99.997364
14.179688 99.997341
14.187500 99.997319
14.195312 99.997297
14.203125 99.997276
14.210938 99.997256
14.218750 99.997236
14.226562 99.997216
14.234375 99.997197
14.242188 99.997179
14.250000 99.997162
14.257812 99.997145
14.265625 99.997129
14.273438 99.997113
14.281250 99.997098
14.289062 99.997084
14.296875 99.997070
14.304688 99.997058
14.312500 99.997045
14.320312 99.997034
14.328125 99.997023
14.335938 99.997013
14.343750 99.997004
14.351562 99.996995
14.359375 99.996987
14.367188 99.996980
14.375000 99.996973
14.382812 99.996968
14.390625 99.996963
14.398438 99.996958
14.406250 99.996955
14.414062 99.996952
14.421875 99.996950
14.429688 99.996949
14.437500 99.996948
14.445312 99.996948
14.453125 99.996949
14.460938 99.996951
14.468750 99.996954
14.476562 99.996957
14.484375 99.996961
14.492188 99.996965
14.500000 99.996971
14.507812 99.996977
14.515625 99.996984
14.523438 99.996991
14.531250 99.997000
14.539062 99.997009
14.546875 99.997018
14.554688 99.997029
14.562500 99.997040
14.570312 99.997052
14.578125 99.997064
14.585938 99.997078
14.593750 99.997092
14.601562 99.997106
14.609375 99.997121
14.617188 99.997137
14.625000 99.997154
14.632812 99.997171
14.640625 99.997189
14.648438 99.997208
14.656250 99.997227
14.664062 99.997246
14.671875 99.997267
14.679688 99.997288
14.687500 99.997309
14.695312 99.997331
14.703125 99.997354
14.710938 99.997377
14.718750 99.997401
14.726562 99.997425
14.734375 99.997450
14.742188 99.997475
14.750000 99.997501
14.757812 99.997527
14.765625 99.997553
14.773438 99.997580
14.781250 99.997608
14.789062 99.997636
14.796875 99.997664
14.804688 99.997693
14.812500 99.997722
14.820312 99.997752
14.828125 99.997782
14.835938 99.997812
14.843750 99.997842
14.851562 99.997873
14.859375 99.997904
14.867188 99.997936
14.875000 99.997968
14.882812 99.997999
14.890625 99.998032
14.898438 99.998064
14.906250 99.998097
14.914062 99.998129
14.921875 99.998162
14.929688 99.998195
14.937500 99.998229
14.945312 99.998262
14.953125 99.998295
14.960938 99.998329
14.968750 99.998362
14.976562 99.998396
14.984375 99.998430
14.992188 99.998463
15.000000 99.998497
15.007812 99.998531
15.015625 99.998565
15.023438 99.998598
15.031250 99.998632
15.039062 99.998665
15.046875 99.998699
15.054688 99.998732
15.062500 99.998765
15.070312 99.998798
15.078125 99.998831
15.085938 99.998864
15.093750 99.998896
15.101562 99.998929
15.109375 99.998961
15.117188 99.998992
15.125000 99.999024
15.132812 99.999055
15.140625 99.999086
15.148438 99.999117
15.156250 99.999148
15.164062 99.999178
15.171875 99.999207
15.179688 99.999237
15.187500 99.999266
15.195312 99.999294
15.203125 99.999323
15.210938 99.999350
15.218750 99.999378
15.226562 99.999405
15.234375 99.999431
15.242188 99.999457
15.250000 99.999483
15.257812 99.999508
15.265625 99.999532
15.273438 99.999556
15.281250 99.999580
15.289062 99.999603
15.296875 99.999625
15.304688 99.999647
15.312500 99.999668
15.320312 99.999689
15.328125 99.999709
15.335938 99.999729
15.343750 99.999748
15.351562 99.999766
15.359375 99.999784
15.367188 99.999800
15.375000 99.999817
15.382812 99.999833
15.390625 99.999848
15.398438 99.999862
15.406250 99.999876
15.414062 99.999889
15.421875 99.999901
15.429688 99.999912
15.437500 99.999923
15.445312 99.999934
15.453125 99.999943
15.460938 99.999952
15.468750 99.999960
15.476562 99.999967
15.484375 99.999974
15.492188 99.999980
15.500000 99.999985
15.507812 99.999989
15.515625 99.999993
15.523438 99.999996
15.531250 99.999998
15.539062 99.999999
15.546875 100.000000
15.554688 100.000000
15.562500 99.999999
15.570312 99.999997
15.578125 99.999995
15.585938 99.999992
15.593750 99.999988
15.601562 99.999984
15.609375 99.999979
15.617188 99.999973
15.625000 99.999966
15.632812 99.999958
15.640625 99.999950
15.648438 99.999941
15.656250 99.999932
15.664062 99.999921
15.671875 99.999910
15.679688 99.999899
15.687500 99.999886
15.695312 99.999873
15.703125 99.999859
15.710938 99.999845
15.718750 99.999829
15.726562 99.999814
15.734375 99.999797
15.742188 99.999780
15.750000 99.999762
15.757812 99.999744
15.765625 99.999725
15.773438 99.999705
15.781250 99.999685
15.789062 99.999664
15.796875 99.999643
15.804688 99.999621
15.812500 99.999598
15.820312 99.999575
15.828125 99.999552
15.835938 99.999528
15.843750 99.999503
15.851562 99.999478
15.859375 99.999452
15.867188 99.999426
15.875000 99.999399
15.882812 99.999372
15.890625 99.999345
15.898438 99.999317
15.906250 99.999289
15.914062 99.999260
15.921875 99.999231
15.929688 99.999202
15.937500 99.999172
15.945312 99.999142
15.953125 99.999111
15.960938 99.999080
15.968750 99.999049
15.976562 99.999018
15.984375 99.998986
15.992188 99.998954
16.000000 99.998922
16.007812 99.998890
16.015625 99.998857
16.023438 99.998825
16.031250 99.998792
16.039062 99.998759
16.046875 99.998725
16.054688 99.998692
16.062500 99.998659
16.070312 99.998625
16.078125 99.998592
16.085938 99.998558
16.093750 99.998524
16.101562 99.998491
16.109375 99.998457
16.117188 99.998423
16.125000 99.998389
16.132812 99.998356
16.140625 99.998322
16.148438 99.998289
16.156250 99.998255
16.164062 99.998222
16.171875 99.998189
16.179688 99.998156
16.187500 99.998123
16.195312 99.998090
16.203125 99.998058
16.210938 99.998025
16.218750 99.997993
16.226562 99.997961
16.234375 99.997930
16.242188 99.997898
16.250000 99.997867
16.257812 99.997836
16.265625 99.997806
16.273438 99.997776
16.281250 99.997746
16.289062 99.997717
16.296875 99.997687
16.304688 99.997659
16.312500 99.997630
16.320312 99.997603
16.328125 99.997575
16.335938 99.997548
16.343750 99.997522
16.351562 99.997495
16.359375 99.997470
16.367188 99.997445
16.375000 99.997420
16.382812 99.997396
16.390625 99.997372
16.398438 99.997349
16.406250 99.997327
16.414062 99.997305
16.421875 99.997283
16.429688 99.997263
16.437500 99.997242
16.445312 99.997223
16.453125 99.997204
16.460938 99.997185
16.468750 99.997168
16.476562 99.997151
16.484375 99.997134
16.492188 99.997118
16.500000 99.997103
16.507812 99.997089
16.515625 99.997075
16.523438 99.997062
16.531250 99.997049
16.539062 99.997038
16.546875 99.997027
16.554688 99.997016
16.562500 99.997007
16.570312 99.996998
16.578125 99.996990
16.585938 99.996982
16.593750 99.996976
16.601562 99.996970
16.609375 99.996964
16.617188 99.996960
16.625000 99.996956
16.632812 99.996953
16.640625 99.996951
16.648438 99.996949
16.656250 99.996948
16.664062 99.996948
16.671875 99.996949
16.679688 99.996950
16.687500 99.996953
16.695312 99.996956
16.703125 99.996959
16.710938 99.996964
16.718750 99.996969
16.726562 99.996975
16.734375 99.996981
16.742188 99.996989
16.750000 99.996997
16.757812 99.997005
16.765625 99.997015
16.773438 99.997025
16.781250 99.997036
16.789062 99.997048
16.796875 99.997060
16.804688 99.997073
16.812500 99.997087
16.820312 99.997101
16.828125 99.997116
16.835938 99.997132
16.843750 99.997148
16.851562 99.997165
16.859375 99.997183
16.867188 99.997201
16.875000 99.997220
16.882812 99.997240
16.890625 99.997260
16.898438 99.997280
16.906250 99.997302
16.914062 99.997323
16.921875 99.997346
16.929688 99.997369
16.937500 99.997392
16.945312 99.997416
16.953125 99.997441
16.960938 99.997466
16.968750 99.997492
16.976562 99.997518
16.984375 99.997544
16.992188 99.997571
17.000000 99.997599
17.007812 99.997626
17.015625 99.997655
17.023438 99.997683
17.031250 99.997712
17.039062 99.997742
17.046875 99.997771
17.054688 99.997801
17.062500 99.997832
17.070312 99.997863
17.078125 99.997894
17.085938 99.997925
17.093750 99.997957
17.101562 99.997988
17.109375 99.998021
17.117188 99.998053
17.125000 99.998085
17.132812 99.998118
17.140625 99.998151
17.148438 99.998184
17.156250 99.998217
17.164062 99.998250
17.171875 99.998284
17.179688 99.998317
17.187500 99.998351
17.195312 99.998385
17.203125 99.998418
17.210938 99.998452
17.218750 99.998486
17.226562 99.998519
17.234375 99.998553
17.242188 99.998587
17.250000 99.998620
17.257812 99.998654
17.265625 99.998687
17.273438 99.998721
17.281250 99.998754
17.289062 99.998787
17.296875 99.998820
17.304688 99.998853
17.312500 99.998885
17.320312 99.998917
17.328125 99.998950
17.335938 99.998982
17.343750 99.999013
17.351562 99.999045
17.359375 99.999076
17.367188 99.999107
17.375000 99.999137
17.382812 99.999167
17.390625 99.999197
17.398438 99.999227
17.406250 99.999256
17.414062 99.999285
17.421875 99.999313
17.429688 99.999341
17.437500 99.999368
17.445312 99.999396
17.453125 99.999422
17.460938 99.999448
17.468750 99.999474
17.476562 99.999499
17.484375 99.999524
17.492188 99.999548
17.500000 99.999572
17.507812 99.999595
17.515625 99.999618
17.523438 99.999640
17.531250 99.999661
17.539062 99.999682
17.546875 99.999702
17.554688 99.999722
17.562500 99.999741
17.570312 99.999760
17.578125 99.999778
17.585938 99.999795
17.593750 99.999811
17.601562 99.999827
17.609375 99.999842
17.617188 99.999857
17.625000 99.999871
17.632812 99.999884
17.640625 99.999897
17.648438 99.999909
17.656250 99.999920
17.664062 99.999930
17.671875 99.999940
17.679688 99.999949
17.687500 99.999957
17.695312 99.999965
17.703125 99.999972
17.710938 99.999978
17.718750 99.999983
17.726562 99.999988
17.734375 99.999992
17.742188 99.999995
17.750000 99.999997
17.757812 99.999999
17.765625 100.000000
17.773438 100.000000
17.781250 99.999999
17.789062 99.999998
17.796875 99.999996
17.804688 99.999993
17.812500 99.999990
17.820312 99.999985
17.828125 99.999980
17.835938 99.999975
17.843750 99.999968
17.851562 99.999961
17.859375 99.999953
17.867188 99.999944
17.875000 99.999935
17.882812 99.999925
17.890625 99.999914
17.898438 99.999903
17.906250 99.999890
17.914062 99.999878
17.921875 99.999864
17.929688 99.999850
17.937500 99.999835
17.945312 99.999819
17.953125 99.999803
17.960938 99.999786
17.968750 99.999768
17.976562 99.999750
17.984375 99.999732
17.992188 99.999712
18.000000 99.999692
18.007812 99.999671
18.015625 99.999650
18.023438 99.999629
18.031250 99.999606
18.039062 99.999583
18.046875 99.999560
18.054688 99.999536
18.062500 99.999511
18.070312 99.999487
18.078125 99.999461
18.085938 99.999435
18.093750 99.999409
18.101562 99.999382
18.109375 99.999354
18.117188 99.999327
18.125000 99.999299
18.132812 99.999270
18.140625 99.999241
18.148438 99.999212
18.156250 99.999182
18.164062 99.999152
18.171875 99.999122
18.179688 99.999091
18.187500 99.999060
18.195312 99.999029
18.203125 99.998997
18.210938 99.998965
18.218750 99.998933
18.226562 99.998901
18.234375 99.998868
18.242188 99.998836
18.250000 99.998803
18.257812 99.998770
18.265625 99.998737
18.273438 99.998704
18.281250 99.998670
18.289062 99.998637
18.296875 99.998603
18.304688 99.998569
18.312500 99.998536
18.320312 99.998502
18.328125 99.998468
18.335938 99.998435
18.343750 99.998401
18.351562 99.998367
18.359375 99.998334
18.367188 99.998300
18.375000 99.998267
18.382812 99.998233
18.390625 99.998200
18.398438 99.998167
18.406250 99.998134
18.414062 99.998101
18.421875 99.998069
18.429688 99.998036
18.437500 99.998004
18.445312 99.997972
18.453125 99.997940
18.460938 99.997909
18.468750 99.997878
18.476562 99.997847
18.484375 99.997816
18.492188 99.997786
18.500000 99.997756
18.507812 99.997727
18.515625 99.997697
18.523438 99.997669
18.531250 99.997640
18.539062 99.997612
18.546875 99.997584
18.554688 99.997557
18.562500 99.997531
18.570312 99.997504
18.578125 99.997479
18.585938 99.997453
18.593750 99.997428
18.601562 99.997404
18.609375 99.997380
18.617188 99.997357
18.625000 99.997334
18.632812 99.997312
18.640625 99.997291
18.648438 99.997270
18.656250 99.997249
18.664062 99.997229
18.671875 99.997210
18.679688 99.997192
18.687500 99.997174
18.695312 99.997156
18.703125 99.997140
18.710938 99.997124
18.718750 99.997108
18.726562 99.997094
18.734375 99.997080
18.742188 99.997066
18.750000 99.997054
18.757812 99.997042
18.765625 99.997030
18.773438 99.997020
18.781250 99.997010
18.789062 99.997001
18.796875 99.996992
18.804688 99.996985
18.812500 99.996978
18.820312 99.996972
18.828125 99.996966
18.835938 99.996961
18.843750 99.996957
18.851562 99.996954
18.859375 99.996951
18.867188 99.996950
18.875000 99.996949
18.882812 99.996948
18.890625 99.996949
18.898438 99.996950
18.906250 99.996952
18.914062 99.996954
18.921875 99.996958
18.929688 99.996962
18.937500 99.996967
18.945312 99.996973
18.953125 99.996979
18.960938 99.996986
18.968750 99.996994
18.976562 99.997002
18.984375 99.997012
18.992188 99.997022
19.000000 99.997032
19.007812 99.997044
19.015625 99.997056
19.023438 99.997068
19.031250 99.997082
19.039062 99.997096
19.046875 99.997111
19.054688 99.997126
19.062500 99.997142
19.070312 99.997159
19.078125 99.997177
19.085938 99.997195
19.093750 99.997213
19.101562 99.997233
19.109375 99.997253
19.117188 99.997273
19.125000 99.997294
19.132812 99.997316
19.140625 99.997338
19.148438 99.997361
19.156250 99.997384
19.164062 99.997408
19.171875 99.997433
19.179688 99.997457
19.187500 99.997483
19.195312 99.997509
19.203125 99.997535
19.210938 99.997562
19.218750 99.997589
19.226562 99.997617
19.234375 99.997645
19.242188 99.997673
19.250000 99.997702
19.257812 99.997732
19.265625 99.997761
19.273438 99.997791
19.281250 99.997821
19.289062 99.997852
19.296875 99.997883
19.304688 99.997914
19.312500 99.997946
19.320312 99.997978
19.328125 99.998010
19.335938 99.998042
19.343750 99.998074
19.351562 99.998107
19.359375 99.998140
19.367188 99.998173
19.375000 99.998206
19.382812 99.998239
19.390625 99.998272
19.398438 99.998306
19.406250 99.998339
19.414062 99.998373
19.421875 99.998407
19.429688 99.998440
19.437500 99.998474
19.445312 99.998508
19.453125 99.998541
19.460938 99.998575
19.468750 99.998609
19.476562 99.998642
19.484375 99.998676
19.492188 99.998709
19.500000 99.998742
19.507812 99.998776
19.515625 99.998809
19.523438 99.998841
19.531250 99.998874
19.539062 99.998906
19.546875 99.998939
19.554688 99.998971
19.562500 99.999002
19.570312 99.999034
19.578125 99.999065
19.585938 99.999096
19.593750 99.999127
19.601562 99.999157
19.609375 99.999187
19.617188 99.999217
19.625000 99.999246
19.632812 99.999275
19.640625 99.999303
19.648438 99.999331
19.656250 99.999359
19.664062 99.999386
19.671875 99.999413
19.679688 99.999439
19.687500 99.999465
19.695312 99.999491
19.703125 99.999516
19.710938 99.999540
19.718750 99.999564
19.726562 99.999587
19.734375 99.999610
19.742188 99.999632
19.750000 99.999654
19.757812 99.999675
19.765625 99.999696
19.773438 99.999715
19.781250 99.999735
19.789062 99.999753
19.796875 99.999771
19.804688 99.999789
19.812500 99.999806
19.820312 99.999822
19.828125 99.999837
19.835938 99.999852
19.843750 99.999866
19.851562 99.999880
19.859375 99.999893
19.867188 99.999905
19.875000 99.999916
19.882812 99.999927
19.890625 99.999937
19.898438 99.999946
19.906250 99.999954
19.914062 99.999962
19.921875 99.999969
19.929688 99.999976
19.937500 99.999981
19.945312 99.999986
19.953125 99.999990
19.960938 99.999994
19.968750 99.999996
19.976562 99.999998
19.984375 100.000000
19.992188 100.000000
20.000000 100.000000
20.007812 99.999999
20.015625 99.999997
20.023438 99.999994
20.031250 99.999991
20.039062 99.999987
20.046875 99.999982
20.054688 99.999977
20.062500 99.999971
20.070312 99.999964
20.078125 99.999956
20.085938 99.999947
20.093750 99.999938
20.101562 99.999928
20.109375 99.999918
20.117188 99.999907
20.125000 99.999895
20.132812 99.999882
20.140625 99.999869
20.148438 99.999855
20.156250 99.999840
20.164062 99.999825
20.171875 99.999809
20.179688 99.999792
20.187500 99.999775
20.195312 99.999757
20.203125 99.999738
20.210938 99.999719
20.218750 99.999699
20.226562 99.999679
20.234375 99.999658
20.242188 99.999636
20.250000 99.999614
20.257812 99.999591
20.265625 99.999568
20.273438 99.999544
20.281250 99.999520
20.289062 99.999495
20.296875 99.999470
20.304688 99.999444
20.312500 99.999418
20.320312 99.999391
20.328125 99.999364
20.335938 99.999336
20.343750 99.999308
20.351562 99.999280
20.359375 99.999251
20.367188 99.999222
20.375000 99.999192
20.382812 99.999162
20.390625 99.999132
20.398438 99.999101
20.406250 99.999071
20.414062 99.999039
20.421875 99.999008
20.429688 99.998976
20.437500 99.998944
20.445312 99.998912
20.453125 99.998880
20.460938 99.998847
20.468750 99.998814
20.476562 99.998781
20.484375 99.998748
20.492188 99.998715
20.500000 99.998682
20.507812 99.998648
20.515625 99.998615
20.523438 99.998581
20.531250 99.998547
20.539062 99.998514
20.546875 99.998480
20.554688 99.998446
20.562500 99.998413
20.570312 99.998379
20.578125 99.998345
20.585938 99.998312
20.593750 99.998278
20.601562 99.998245
20.609375 99.998212
20.617188 99.998178
20.625000 99.998145
20.632812 99.998113
20.640625 99.998080
20.648438 99.998047
20.656250 99.998015
20.664062 99.997983
20.671875 99.997951
20.679688 99.997920
20.687500 99.997888
20.695312 99.997857
20.703125 99.997827
20.710938 99.997796
20.718750 99.997766
20.726562 99.997737
20.734375 99.997707
20.742188 99.997678
20.750000 99.997650
20.757812 99.997622
20.765625 99.997594
20.773438 99.997567
20.781250 99.997540
20.789062 99.997513
20.796875 99.997487
20.804688 99.997462
20.812500 99.997437
20.820312 99.997412
20.828125 99.997388
20.835938 99.997365
20.843750 99.997342
20.851562 99.997320
20.859375 99.997298
20.867188 99.997277
20.875000 99.997256
20.882812 99.997236
20.890625 99.997217
20.898438 99.997198
20.906250 99.997180
20.914062 99.997162
20.921875 99.997145
20.929688 99.997129
20.937500 99.997114
20.945312 99.997099
20.953125 99.997084
20.960938 99.997071
20.968750 99.997058
20.976562 99.997046
20.984375 99.997034
20.992188 99.997023
21.000000 99.997013
21.007812 99.997004
21.015625 99.996995
21.023438 99.996987
21.031250 99.996980
21.039062 99.996974
21.046875 99.996968
21.054688 99.996963
21.062500 99.996959
21.070312 99.996955
21.078125 99.996952
21.085938 99.996950
21.093750 99.996949
21.101562 99.996948
21.109375 99.996948
21.117188 99.996949
21.125000 99.996951
21.132812 99.996953
21.140625 99.996957
21.148438 99.996961
21.156250 99.996965
21.164062 99.996971
21.171875 99.996977
21.179688 99.996983
21.187500 99.996991
21.195312 99.996999
21.203125 99.997008
21.210938 99.997018
21.218750 99.997028
21.226562 99.997040
21.234375 99.997051
21.242188 99.997064
21.250000 99.997077
21.257812 99.997091
21.265625 99.997106
21.273438 99.997121
21.281250 99.997137
21.289062 99.997153
21.296875 99.997171
21.304688 99.997188
21.312500 99.997207
21.320312 99.997226
21.328125 99.997246
21.335938 99.997266
21.343750 99.997287
21.351562 99.997308
21.359375 99.997330
21.367188 99.997353
21.375000 99.997376
21.382812 99.997400
21.390625 99.997424
21.398438 99.997449
21.406250 99.997474
21.414062 99.997500
21.421875 99.997526
21.429688 99.997553
21.437500 99.997580
21.445312 99.997607
21.453125 99.997635
21.460938 99.997664
21.468750 99.997692
21.476562 99.997721
21.484375 99.997751
21.492188 99.997781
21.500000 99.997811
21.507812 99.997842
21.515625 99.997872
21.523438 99.997904
21.531250 99.997935
21.539062 99.997967
21.546875 99.997999
21.554688 99.998031
21.562500 99.998063
21.570312 99.998096
21.578125 99.998128
21.585938 99.998161
21.593750 99.998194
21.601562 99.998228
21.609375 99.998261
21.617188 99.998294
21.625000 99.998328
21.632812 99.998361
21.640625 99.998395
21.648438 99.998429
21.656250 99.998462
21.664062 99.998496
21.671875 99.998530
21.679688 99.998564
21.687500 99.998597
21.695312 99.998631
21.703125 99.998664
21.710938 99.998698
21.718750 99.998731
21.726562 99.998764
21.734375 99.998797
21.742188 99.998830
21.750000 99.998863
21.757812 99.998895
21.765625 99.998928
21.773438 99.998960
21.781250 99.998992
21.789062 99.999023
21.796875 99.999054
21.804688 99.999085
21.812500 99.999116
21.820312 99.999147
21.828125 99.999177
21.835938 99.999206
21.843750 99.999236
21.851562 99.999265
21.859375 99.999294
21.867188 99.999322
21.875000 99.999350
21.882812 99.999377
21.890625 99.999404
21.898438 99.999430
21.906250 99.999457
21.914062 99.999482
21.921875 99.999507
21.929688 99.999532
21.937500 99.999556
21.945312 99.999579
21.953125 99.999602
21.960938 99.999625
21.968750 99.999647
21.976562 99.999668
21.984375 99.999689
21.992188 99.999709
22.000000 99.999728
22.007812 99.999747
22.015625 99.999765
22.023438 99.999783
22.031250 99.999800
22.039062 99.999816
22.046875 99.999832
22.054688 99.999847
22.062500 99.999861
22.070312 99.999875
22.078125 99.999888
22.085938 99.999901
22.093750 99.999912
22.101562 99.999923
22.109375 99.999933
22.117188 99.999943
22.125000 99.999952
22.132812 99.999960
22.140625 99.999967
22.148438 99.999974
22.156250 99.999979
22.164062 99.999985
22.171875 99.999989
22.179688 99.999993
22.187500 99.999996
22.195312 99.999998
22.203125 99.999999
22.210938 100.000000
22.218750 100.000000
22.226562 99.999999
22.234375 99.999998
22.242188 99.999995
22.250000 99.999992
22.257812 99.999988
22.265625 99.999984
22.273438 99.999979
22.281250 99.999973
22.289062 99.999966
22.296875 99.999959
22.304688 99.999950
22.312500 99.999942
22.320312 99.999932
22.328125 99.999922
22.335938 99.999911
22.343750 99.999899
22.351562 99.999886
22.359375 99.999873
22.367188 99.999860
22.375000 99.999845
22.382812 99.999830
22.390625 99.999814
22.398438 99.999798
22.406250 99.999781
22.414062 99.999763
22.421875 99.999744
22.429688 99.999725
22.437500 99.999706
22.445312 99.999686
22.453125 99.999665
22.460938 99.999644
22.468750 99.999622
22.476562 99.999599
22.484375 99.999576
22.492188 99.999552
22.500000 99.999528
22.507812 99.999504
22.515625 99.999479
22.523438 99.999453
22.531250 99.999427
22.539062 99.999400
22.546875 99.999373
22.554688 99.999346
22.562500 99.999318
22.570312 99.999290
22.578125 99.999261
22.585938 99.999232
22.593750 99.999202
22.601562 99.999173
22.609375 99.999142
22.617188 99.999112
22.625000 99.999081
22.632812 99.999050
22.640625 99.999019
22.648438 99.998987
22.656250 99.998955
22.664062 99.998923
22.671875 99.998891
22.679688 99.998858
22.687500 99.998826
22.695312 99.998793
22.703125 99.998760
22.710938 99.998726
22.718750 99.998693
22.726562 99.998660
22.734375 99.998626
22.742188 99.998593
22.750000 99.998559
22.757812 99.998525
22.765625 99.998492
22.773438 99.998458
22.781250 99.998424
22.789062 99.998390
22.796875 99.998357
22.804688 99.998323
22.812500 99.998290
22.820312 99.998256
22.828125 99.998223
22.835938 99.998190
22.843750 99.998157
22.851562 99.998124
22.859375 99.998091
22.867188 99.998059
22.875000 99.998026
22.882812 99.997994
22.890625 99.997962
22.898438 99.997931
22.906250 99.997899
22.914062 99.997868
22.921875 99.997837
22.929688 99.997807
22.937500 99.997777
22.945312 99.997747
22.953125 99.997717
22.960938 99.997688
22.968750 99.997660
22.976562 99.997631
22.984375 99.997603
22.992188 99.997576
23.000000 99.997549
23.007812 99.997522
23.015625 99.997496
23.023438 99.997471
23.031250 99.997445
23.039062 99.997421
23.046875 99.997397
23.054688 99.997373
23.062500 99.997350
23.070312 99.997327
23.078125 99.997305
23.085938 99.997284
23.093750 99.997263
23.101562 99.997243
23.109375 99.997223
23.117188 99.997204
23.125000 99.997186
23.132812 99.997168
23.140625 99.997151
23.148438 99.997135
23.156250 99.997119
23.164062 99.997104
23.171875 99.997089
23.179688 99.997075
23.187500 99.997062
23.195312 99.997050
23.203125 99.997038
23.210938 99.997027
23.218750 99.997017
23.226562 99.997007
23.234375 99.996998
23.242188 99.996990
23.250000 99.996982
23.257812 99.996976
23.265625 99.996970
23.273438 99.996964
23.281250 99.996960
23.289062 99.996956
23.296875 99.996953
23.304688 99.996951
23.312500 99.996949
23.320312 99.996948
23.328125 99.996948
23.335938 99.996949
23.343750 99.996950
23.351562 99.996953
23.359375 99.996955
23.367188 99.996959
23.375000 99.996963
23.382812 99.996969
23.390625 99.996974
23.398438 99.996981
23.406250 99.996988
23.414062 99.996996
23.421875 99.997005
23.429688 99.997015
23.437500 99.997025
23.445312 99.997036
23.453125 99.997047
23.460938 99.997060
23.468750 99.997073
23.476562 99.997086
23.484375 99.997101
23.492188 99.997116
23.500000 99.997131
23.507812 99.997148
23.515625 99.997165
23.523438 99.997182
23.531250 99.997201
23.539062 99.997219
23.546875 99.997239
23.554688 99.997259
23.562500 99.997280
23.570312 99.997301
23.578125 99.997323
23.585938 99.997345
23.593750 99.997368
23.601562 99.997392
23.609375 99.997416
23.617188 99.997440
23.625000 99.997465
23.632812 99.997491
23.640625 99.997517
23.648438 99.997543
23.656250 99.997570
23.664062 99.997598
23.671875 99.997626
23.679688 99.997654
23.687500 99.997682
23.695312 99.997711
23.703125 99.997741
23.710938 99.997771
23.718750 99.997801
23.726562 99.997831
23.734375 99.997862
23.742188 99.997893
23.750000 99.997924
23.757812 99.997956
23.765625 99.997988
23.773438 99.998020
23.781250 99.998052
23.789062 99.998084
23.796875 99.998117
23.804688 99.998150
23.812500 99.998183
23.820312 99.998216
23.828125 99.998249
23.835938 99.998283
23.843750 99.998316
23.851562 99.998350
23.859375 99.998384
23.867188 99.998417
23.875000 99.998451
23.882812 99.998485
23.890625 99.998518
23.898438 99.998552
23.906250 99.998586
23.914062 99.998619
23.921875 99.998653
23.929688 99.998686
23.937500 99.998720
23.945312 99.998753
23.953125 99.998786
23.960938 99.998819
23.968750 99.998852
23.976562 99.998884
23.984375 99.998917
23.992188 99.998949
24.000000 99.998981
24.007812 99.999012
24.015625 99.999044
24.023438 99.999075
24.031250 99.999106
24.039062 99.999136
24.046875 99.999166
24.054688 99.999196
24.062500 99.999226
24.070312 99.999255
24.078125 99.999284
24.085938 99.999312
24.093750 99.999340
24.101562 99.999368
24.109375 99.999395
24.117188 99.999421
24.125000 99.999448
24.132812 99.999473
24.140625 99.999499
24.148438 99.999523
24.156250 99.999548
24.164062 99.999571
24.171875 99.999594
24.179688 99.999617
24.187500 99.999639
24.195312 99.999661
24.203125 99.999682
24.210938 99.999702
24.218750 99.999722
24.226562 99.999741
24.234375 99.999759
24.242188 99.999777
24.250000 99.999794
24.257812 99.999811
24.265625 99.999827
24.273438 99.999842
24.281250 99.999857
24.289062 99.999871
24.296875 99.999884
24.304688 99.999896
24.312500 99.999908
24.320312 99.999919
24.328125 99.999930
24.335938 99.999940
24.343750 99.999949
24.351562 99.999957
24.359375 99.999965
24.367188 99.999971
24.375000 99.999978
24.382812 99.999983
24.390625 99.999988
24.398438 99.999992
24.406250 99.999995
24.414062 99.999997
24.421875 99.999999
24.429688 100.000000
24.437500 100.000000
24.445312 99.999999
24.453125 99.999998
24.460938 99.999996
24.468750 99.999993
24.476562 99.999990
24.484375 99.999986
24.492188 99.999981
24.500000 99.999975
24.507812 99.999968
24.515625 99.999961
24.523438 99.999953
24.531250 99.999945
24.539062 99.999935
24.546875 99.999925
24.554688 99.999914
24.562500 99.999903
24.570312 99.999891
24.578125 99.999878
24.585938 99.999864
24.593750 99.999850
24.601562 99.999835
24.609375 99.999820
24.617188 99.999803
24.625000 99.999787
24.632812 99.999769
24.640625 99.999751
24.648438 99.999732
24.656250 99.999713
24.664062 99.999693
24.671875 99.999672
24.679688 99.999651
24.687500 99.999629
24.695312 99.999607
24.703125 99.999584
24.710938 99.999561
24.718750 99.999537
24.726562 99.999512
24.734375 99.999487
24.742188 99.999462
24.750000 99.999436
24.757812 99.999409
24.765625 99.999383
24.773438 99.999355
24.781250 99.999328
24.789062 99.999299
24.796875 99.999271
24.804688 99.999242
24.812500 99.999213
24.820312 99.999183
24.828125 99.999153
24.835938 99.999122
24.843750 99.999092
24.851562 99.999061
24.859375 99.999030
24.867188 99.998998
24.875000 99.998966
24.882812 99.998934
24.890625 99.998902
24.898438 99.998869
24.906250 99.998837
24.914062 99.998804
24.921875 99.998771
24.929688 99.998738
24.937500 99.998705
24.945312 99.998671
24.953125 99.998638
24.960938 99.998604
24.968750 99.998570
24.976562 99.998537
24.984375 99.998503
24.992188 99.998469
25.000000 99.998436
25.007812 99.998402
25.015625 99.998368
25.023438 99.998335
25.031250 99.998301
25.039062 99.998268
25.046875 99.998234
25.054688 99.998201
25.062500 99.998168
25.070312 99.998135
25.078125 99.998102
25.085938 99.998070
25.093750 99.998037
25.101562 99.998005
25.109375 99.997973
25.117188 99.997941
25.125000 99.997910
25.132812 99.997879
25.140625 99.997848
25.148438 99.997817
25.156250 99.997787
25.164062 99.997757
25.171875 99.997727
25.179688 99.997698
25.187500 99.997669
25.195312 99.997641
25.203125 99.997613
25.210938 99.997585
25.218750 99.997558
25.226562 99.997531
25.234375 99.997505
25.242188 99.997479
25.250000 99.997454
25.257812 99.997429
25.265625 99.997405
25.273438 99.997381
25.281250 99.997358
25.289062 99.997335
25.296875 99.997313
25.304688 99.997291
25.312500 99.997270
25.320312 99.997250
25.328125 99.997230
25.335938 99.997211
25.343750 99.997192
25.351562 99.997174
25.359375 99.997157
25.367188 99.997140
25.375000 99.997124
25.382812 99.997109
25.390625 99.997094
25.398438 99.997080
25.406250 99.997067
25.414062 99.997054
25.421875 99.997042
25.429688 99.997031
25.437500 99.997020
25.445312 99.997010
25.453125 99.997001
25.460938 99.996993
25.468750 99.996985
25.476562 99.996978
25.484375 99.996972
25.492188 99.996966
25.500000 99.996961
25.507812 99.996957
25.515625 99.996954
25.523438 99.996951
25.531250 99.996950
25.539062 99.996949
25.546875 99.996948
25.554688 99.996949
25.562500 99.996950
25.570312 99.996952
25.578125 99.996954
25.585938 99.996958
25.593750 99.996962
25.601562 99.996967
25.609375 99.996972
25.617188 99.996979
25.625000 99.996986
25.632812 99.996994
25.640625 99.997002
25.648438 99.997011
25.656250 99.997021
25.664062 99.997032
25.671875 99.997043
25.679688 99.997055
25.687500 99.997068
25.695312 99.997082
25.703125 99.997096
25.710938 99.997110
25.718750 99.997126
25.726562 99.997142
25.734375 99.997159
25.742188 99.997176
25.750000 99.997194
25.757812 99.997213
25.765625 99.997232
25.773438 99.997252
25.781250 99.997273
25.789062 99.997294
25.796875 99.997315
25.804688 99.997338
25.812500 99.997360
25.820312 99.997384
25.828125 99.997407
25.835938 99.997432
25.843750 99.997457
25.851562 99.997482
25.859375 99.997508
25.867188 99.997534
25.875000 99.997561
25.882812 99.997588
25.890625 99.997616
25.898438 99.997644
25.906250 99.997673
25.914062 99.997701
25.921875 99.997731
25.929688 99.997760
25.937500 99.997790
25.945312 99.997821
25.953125 99.997851
25.960938 99.997882
25.968750 99.997913
25.976562 99.997945
25.984375 99.997977
25.992188 99.998009
26.000000 99.998041
26.007812 99.998073
26.015625 99.998106
26.023438 99.998139
26.031250 99.998172
26.039062 99.998205
26.046875 99.998238
26.054688 99.998271
26.062500 99.998305
26.070312 99.998338
26.078125 99.998372
26.085938 99.998406
26.093750 99.998439
26.101562 99.998473
26.109375 99.998507
26.117188 99.998540
26.125000 99.998574
26.132812 99.998608
26.140625 99.998641
26.148438 99.998675
26.156250 99.998708
26.164062 99.998741
26.171875 99.998775
26.179688 99.998808
26.187500 99.998840
26.195312 99.998873
26.203125 99.998905
26.210938 99.998938
26.218750 99.998970
26.226562 99.999001
26.234375 99.999033
26.242188 99.999064
26.250000 99.999095
26.257812 99.999126
26.265625 99.999156
26.273438 99.999186
26.281250 99.999216
26.289062 99.999245
26.296875 99.999274
26.304688 99.999302
26.312500 99.999331
26.320312 99.999358
26.328125 99.999386
26.335938 99.999412
26.343750 99.999439
26.351562 99.999465
26.359375 99.999490
26.367188 99.999515
26.375000 99.999539
26.382812 99.999563
26.390625 99.999587
26.398438 99.999609
26.406250 99.999632
26.414062 99.999653
26.421875 99.999674
26.429688 99.999695
26.437500 99.999715
26.445312 99.999734
26.453125 99.999753
26.460938 99.999771
26.468750 99.999788
26.476562 99.999805
26.484375 99.999821
26.492188 99.999837
26.500000 99.999852
26.507812 99.999866
26.515625 99.999879
26.523438 99.999892
26.531250 99.999904
26.539062 99.999916
26.546875 99.999926
26.554688 99.999936
26.562500 99.999946
26.570312 99.999954
26.578125 99.999962
26.585938 99.999969
26.593750 99.999976
26.601562 99.999981
26.609375 99.999986
26.617188 99.999990
26.625000 99.999994
26.632812 99.999996
26.640625 99.999998
26.648438 100.000000
26.656250 100.000000
26.664062 100.000000
26.671875 99.999999
26.679688 99.999997
26.687500 99.999994
26.695312 99.999991
26.703125 99.999987
26.710938 99.999982
26.718750 99.999977
26.726562 99.999971
26.734375 99.999964
26.742188 99.999956
26.750000 99.999948
26.757812 99.999939
26.765625 99.999929
26.773438 99.999918
26.781250 99.999907
26.789062 99.999895
26.796875 99.999882
26.804688 99.999869
26.812500 99.999855
26.820312 99.999840
26.828125 99.999825
26.835938 99.999809
26.843750 99.999792
26.851562 99.999775
26.859375 99.999757
26.867188 99.999739
26.875000 99.999719
26.882812 99.999700
26.890625 99.999679
26.898438 99.999658
26.906250 99.999637
26.914062 99.999615
26.921875 99.999592
26.929688 99.999569
26.937500 99.999545
26.945312 99.999521
26.953125 99.999496
26.960938 99.999471
26.968750 99.999445
26.976562 99.999419
26.984375 99.999392
26.992188 99.999365
27.000000 99.999337
27.007812 99.999309
27.015625 99.999281
27.023438 99.999252
27.031250 99.999223
27.039062 99.999193
27.046875 99.999163
27.054688 99.999133
27.062500 99.999102
27.070312 99.999071
27.078125 99.999040
27.085938 99.999009
27.093750 99.998977
27.101562 99.998945
27.109375 99.998913
27.117188 99.998881
27.125000 99.998848
27.132812 99.998815
27.140625 99.998782
27.148438 99.998749
27.156250 99.998716
27.164062 99.998683
27.171875 99.998649
27.179688 99.998616
27.187500 99.998582
27.195312 99.998548
27.203125 99.998515
27.210938 99.998481
27.218750 99.998447
27.226562 99.998414
27.234375 99.998380
27.242188 99.998346
27.250000 99.998313
27.257812 99.998279
27.265625 99.998246
27.273438 99.998213
27.281250 99.998179
27.289062 99.998146
27.296875 99.998113
27.304688 99.998081
27.312500 99.998048
27.320312 99.998016
27.328125 99.997984
27.335938 99.997952
27.343750 99.997921
27.351562 99.997889
27.359375 99.997858
27.367188 99.997828
27.375000 99.997797
27.382812 99.997767
27.390625 99.997738
27.398438 99.997708
27.406250 99.997679
27.414062 99.997651
27.421875 99.997622
27.429688 99.997595
27.437500 99.997567
27.445312 99.997540
27.453125 99.997514
27.460938 99.997488
27.468750 99.997463
27.476562 99.997438
27.484375 99.997413
27.492188 99.997389
27.500000 99.997366
27.507812 99.997343
27.515625 99.997320
27.523438 99.997299
27.531250 99.997277
27.539062 99.997257
27.546875 99.997237
27.554688 99.997217
27.562500 99.997199
27.570312 99.997180
27.578125 99.997163
27.585938 99.997146
27.593750 99.997130
27.601562 99.997114
27.609375 99.997099
27.617188 99.997085
27.625000 99.997071
27.632812 99.997058
27.640625 99.997046
27.648438 99.997034
27.656250 99.997024
27.664062 99.997014
27.671875 99.997004
27.679688 99.996995
27.687500 99.996988
27.695312 99.996980
27.703125 99.996974
27.710938 99.996968
27.718750 99.996963
27.726562 99.996959
27.734375 99.996955
27.742188 99.996952
27.750000 99.996950
27.757812 99.996949
27.765625 99.996948
27.773438 99.996948
27.781250 99.996949
27.789062 99.996951
27.796875 99.996953
27.804688 99.996957
27.812500 99.996960
27.820312 99.996965
27.828125 99.996970
27.835938 99.996976
27.843750 99.996983
27.851562 99.996991
27.859375 99.996999
27.867188 99.997008
27.875000 99.997018
27.882812 99.997028
27.890625 99.997039
27.898438 99.997051
27.906250 99.997064
27.914062 99.997077
27.921875 99.997091
27.929688 99.997105
27.937500 99.997121
27.945312 99.997136
27.953125 99.997153
27.960938 99.997170
27.968750 99.997188
27.976562 99.997206
27.984375 99.997225
27.992188 99.997245
28.000000 99.997265
28.007812 99.997286
28.015625 99.997308
28.023438 99.997330
28.031250 99.997352
28.039062 99.997376
28.046875 99.997399
28.054688 99.997423
28.062500 99.997448
28.070312 99.997473
28.078125 99.997499
28.085938 99.997525
28.093750 99.997552
28.101562 99.997579
28.109375 99.997606
28.117188 99.997634
28.125000 99.997663
28.132812 99.997691
28.140625 99.997721
28.148438 99.997750
28.156250 99.997780
28.164062 99.997810
28.171875 99.997841
28.179688 99.997871
28.187500 99.997903
28.195312 99.997934
28.203125 99.997966
28.210938 99.997998
28.218750 99.998030
28.226562 99.998062
28.234375 99.998095
28.242188 99.998127
28.250000 99.998160
28.257812 99.998193
28.265625 99.998227
28.273438 99.998260
28.281250 99.998293
28.289062 99.998327
28.296875 99.998360
28.304688 99.998394
28.312500 99.998428
28.320312 99.998462
28.328125 99.998495
28.335938 99.998529
28.343750 99.998563
28.351562 99.998596
28.359375 99.998630
28.367188 99.998663
28.375000 99.998697
28.382812 99.998730
28.390625 99.998763
28.398438 99.998796
28.406250 99.998829
28.414062 99.998862
28.421875 99.998894
28.429688 99.998927
28.437500 99.998959
28.445312 99.998991
28.453125 99.999022
28.460938 99.999054
28.468750 99.999085
28.476562 99.999115
28.484375 99.999146
28.492188 99.999176
28.500000 99.999206
28.507812 99.999235
28.515625 99.999264
28.523438 99.999293
28.531250 99.999321
28.539062 99.999349
28.546875 99.999376
28.554688 99.999403
28.562500 99.999430
28.570312 99.999456
28.578125 99.999481
28.585938 99.999506
28.593750 99.999531
28.601562 99.999555
28.609375 99.999579
28.617188 99.999602
28.625000 99.999624
28.632812 99.999646
28.640625 99.999667
28.648438 99.999688
28.656250 99.999708
28.664062 99.999728
28.671875 99.999747
28.679688 99.999765
28.687500 99.999782
28.695312 99.999800
28.703125 99.999816
28.710938 99.999832
28.718750 99.999847
28.726562 99.999861
28.734375 99.999875
28.742188 99.999888
28.750000 99.999900
28.757812 99.999912
28.765625 99.999923
28.773438 99.999933
28.781250 99.999943
28.789062 99.999951
28.796875 99.999959
28.804688 99.999967
28.812500 99.999973
28.820312 99.999979
28.828125 99.999984
28.835938 99.999989
28.843750 99.999993
28.851562 99.999996
28.859375 99.999998
28.867188 99.999999
28.875000 100.000000
28.882812 100.000000
28.890625 99.999999
28.898438 99.999998
28.906250 99.999995
28.914062 99.999992
28.921875 99.999989
28.929688 99.999984
28.937500 99.999979
28.945312 99.999973
28.953125 99.999966
28.960938 99.999959
28.968750 99.999951
28.976562 99.999942
28.984375 99.999932
28.992188 99.999922
29.000000 99.999911
29.007812 99.999899
29.015625 99.999887
29.023438 99.999874
29.031250 99.999860
29.039062 99.999846
29.046875 99.999830
29.054688 99.999815
29.062500 99.999798
29.070312 99.999781
29.078125 99.999763
29.085938 99.999745
29.093750 99.999726
29.101562 99.999706
29.109375 99.999686
29.117188 99.999666
29.125000 99.999644
29.132812 99.999622
29.140625 99.999600
29.148438 99.999577
29.156250 99.999553
29.164062 99.999529
29.171875 99.999504
29.179688 99.999479
29.187500 99.999454
29.195312 99.999428
29.203125 99.999401
29.210938 99.999374
29.218750 99.999347
29.226562 99.999319
29.234375 99.999290
29.242188 99.999262
29.250000 99.999233
29.257812 99.999203
29.265625 99.999173
29.273438 99.999143
29.281250 99.999113
29.289062 99.999082
29.296875 99.999051
29.304688 99.999020
29.312500 99.998988
29.320312 99.998956
29.328125 99.998924
29.335938 99.998892
29.343750 99.998859
29.351562 99.998826
29.359375 99.998794
29.367188 99.998761
29.375000 99.998727
29.382812 99.998694
29.390625 99.998661
29.398438 99.998627
29.406250 99.998594
29.414062 99.998560
29.421875 99.998526
29.429688 99.998493
29.437500 99.998459
29.445312 99.998425
29.453125 99.998391
29.460938 99.998358
29.468750 99.998324
29.476562 99.998291
29.484375 99.998257
29.492188 99.998224
29.500000 99.998191
29.507812 99.998158
29.515625 99.998125
29.523438 99.998092
29.531250 99.998059
29.539062 99.998027
29.546875 99.997995
29.554688 99.997963
29.562500 99.997931
29.570312 99.997900
29.578125 99.997869
29.585938 99.997838
29.593750 99.997808
29.601562 99.997778
29.609375 99.997748
29.617188 99.997718
29.625000 99.997689
29.632812 99.997660
29.640625 99.997632
29.648438 99.997604
29.656250 99.997577
29.664062 99.997550
29.671875 99.997523
29.679688 99.997497
29.687500 99.997471
29.695312 99.997446
29.703125 99.997421
29.710938 99.997397
29.718750 99.997374
29.726562 99.997351
29.734375 99.997328
29.742188 99.997306
29.750000 99.997285
29.757812 99.997264
29.765625 99.997244
29.773438 99.997224
29.781250 99.997205
29.789062 99.997187
29.796875 99.997169
29.804688 99.997152
29.812500 99.997135
29.820312 99.997119
29.828125 99.997104
29.835938 99.997090
29.843750 99.997076
29.851562 99.997063
29.859375 99.997050
29.867188 99.997038
29.875000 99.997027
29.882812 99.997017
29.890625 99.997007
29.898438 99.996998
29.906250 99.996990
29.914062 99.996983
29.921875 99.996976
29.929688 99.996970
29.937500 99.996965
29.945312 99.996960
29.953125 99.996956
29.960938 99.996953
29.968750 99.996951
29.976562 99.996949
29.984375 99.996948
29.992188 99.996948
30.000000 99.996949
