0.000000 10.000000 0.000000
0.125000 10.000000 -2.500000
0.250000 9.687500 -4.937500
0.375000 9.070312 -7.235938
0.500000 8.165820 -9.322617
0.625000 7.000493 -11.131007
0.750000 5.609117 -12.602855
0.875000 4.033760 -13.690063
1.000000 2.322503 -14.356251
1.125000 0.527971 -14.577971
1.250000 -1.294275 -14.345514
1.375000 -3.087464 -13.663308
1.500000 -4.795378 -12.549859
1.625000 -6.364110 -11.037268
1.750000 -7.743769 -9.170309
1.875000 -8.890057 -7.005109
2.000000 -9.765696 -4.607467
2.125000 -10.341629 -2.050856
2.250000 -10.597986 0.585823
2.375000 -10.524758 3.220674
2.500000 -10.122174 5.771347
2.625000 -9.400756 8.157606
2.750000 -8.381055 10.303855
2.875000 -7.093073 12.141523
3.000000 -5.575383 13.611253
3.125000 -3.873976 14.664817
3.250000 -2.040874 15.266691
3.375000 -0.132538 15.395242
3.500000 1.791868 15.043496
3.625000 3.672304 14.219441
3.750000 5.449735 12.945879
3.875000 7.067970 11.259798
4.000000 8.475444 9.211311
4.125000 9.626858 6.862167
4.250000 10.484629 4.283899
4.375000 11.020116 1.555644
4.500000 11.214572 -1.238276
4.625000 11.059787 -4.010962
4.750000 10.558417 -6.675635
4.875000 9.723963 -9.148349
5.000000 8.580419 -11.350631
5.125000 7.161590 -13.211970
5.250000 5.510094 -14.672068
5.375000 3.676086 -15.682790
5.500000 1.715737 -16.209741
5.625000 -0.310481 -16.233432
5.750000 -2.339660 -15.749976
5.875000 -4.308407 -14.771312
6.000000 -6.154821 -13.324927
6.125000 -7.820437 -11.453099
6.250000 -9.252074 -9.211662
6.375000 -10.403532 -6.668352
6.500000 -11.237076 -3.900760
6.625000 -11.724671 -0.993972
6.750000 -11.848917 1.962045
6.875000 -11.603662 4.875223
7.000000 -10.994259 7.654258
7.125000 -10.037477 10.211466
7.250000 -8.761043 12.465549
7.375000 -7.202850 14.344171
7.500000 -5.409829 15.786279
7.625000 -3.436544 16.744079
7.750000 -1.343534 17.184613
7.875000 0.804543 17.090881
8.000000 2.940903 16.462473
8.125000 4.998712 15.315686
8.250000 6.913173 13.683116
8.375000 8.623562 11.612745
8.500000 10.075155 9.166535
8.625000 11.220972 6.418583
8.750000 12.023295 3.452875
8.875000 12.454905 0.360730
9.000000 12.499996 -2.762015
9.125000 12.154744 -5.817963
9.250000 11.427499 -8.711200
9.375000 10.338599 -11.350295
9.500000 8.919812 -13.651187
9.625000 7.213413 -15.539860
9.750000 5.270931 -16.954717
9.875000 3.151591 -17.848582
10.000000 0.920518 -18.190265
10.125000 -1.353265 -17.965638
10.250000 -3.598970 -17.178181
10.375000 -5.746242 -15.848984
10.500000 -7.727365 -14.016199
10.625000 -9.479390 -11.733953
10.750000 -10.946134 -9.070756
10.875000 -12.079979 -6.107454
11.000000 -12.843410 -2.934773
11.125000 -13.210257 0.349449
11.250000 -13.166576 3.643277
11.375000 -12.711166 6.843839
11.500000 -11.855686 9.850535
11.625000 -10.624370 12.568193
11.750000 -9.053346 14.910081
11.875000 -7.189585 16.800665
12.000000 -5.089502 18.178045
12.125000 -2.817247 18.995969
12.250000 -0.442751 19.225382
12.375000 1.960422 18.855435
12.500000 4.317351 17.893943
12.625000 6.554094 16.367257
12.750000 8.600001 14.319552
12.875000 10.389945 11.811563
13.000000 11.866391 8.918787
13.125000 12.981239 5.729220
13.250000 13.697392 2.340680
13.375000 13.989977 -1.142185
13.500000 13.847203 -4.611125
13.625000 13.270813 -7.957648
13.750000 12.276107 -11.076410
13.875000 10.891556 -13.868526
14.000000 9.157990 -16.244702
14.125000 7.127402 -18.128082
14.250000 4.861392 -19.456730
14.375000 2.429301 -20.185660
14.500000 -0.093907 -20.288344
14.625000 -2.629950 -19.757658
14.750000 -5.099657 -18.606230
14.875000 -7.425436 -16.866160
15.000000 -9.533706 -14.588147
15.125000 -11.357224 -11.840017
15.250000 -12.837226 -8.704710
15.375000 -13.925315 -5.277786
15.500000 -14.585038 -1.664512
15.625000 -14.793102 2.023360
15.750000 -14.540182 5.671051
15.875000 -13.831301 9.164321
16.000000 -12.685761 12.393038
16.125000 -11.136631 15.254652
16.250000 -9.229799 17.657443
16.375000 -7.022619 19.523457
16.500000 -4.582187 20.791025
16.625000 -1.983309 21.416797
16.750000 0.693791 21.377204
16.875000 3.365941 20.669326
17.000000 5.949607 19.311107
17.125000 8.363496 17.340928
17.250000 10.531112 14.816531
17.375000 12.383178 11.813340
17.500000 13.859845 8.422212
17.625000 14.912622 4.746695
17.750000 15.505959 0.899872
17.875000 15.618443 -2.999114
18.000000 15.243554 -6.828747
18.125000 14.389960 -10.468917
18.250000 13.081346 -13.804684
18.375000 11.355760 -16.729903
18.500000 9.264522 -19.150596
18.625000 6.870698 -20.987961
18.750000 4.247203 -22.180937
18.875000 1.474585 -22.688214
19.000000 -1.361441 -22.489655
19.125000 -4.172648 -21.587053
19.250000 -6.871030 -20.004215
19.375000 -9.371557 -17.786352
19.500000 -11.594851 -14.998804
19.625000 -13.469701 -11.725121
19.750000 -14.935341 -8.064568
19.875000 -15.943412 -4.129118
20.000000 -16.459552 -0.040037
20.125000 -16.464557 4.075852
20.250000 -15.955075 8.090094
20.375000 -14.943814 11.876611
20.500000 -13.459237 15.315649
20.625000 -11.544781 18.297567
20.750000 -9.257585 20.726323
20.875000 -6.666795 22.522561
21.000000 -3.851475 23.626196
21.125000 -0.898200 23.998410
21.250000 2.101601 23.623000
21.375000 5.054476 22.507024
21.500000 7.867854 20.680730
21.625000 10.452945 18.196748
21.750000 12.727539 15.128593
21.875000 14.618613 11.568493
22.000000 16.064675 7.624628
22.125000 17.017753 3.417843
22.250000 17.444984 -0.922041
22.375000 17.329728 -5.260236
22.500000 16.672199 -9.461162
22.625000 15.489554 -13.392683
22.750000 13.815468 -16.930254
22.875000 11.699187 -19.960865
23.000000 9.204078 -22.386640
23.125000 6.405749 -24.127993
23.250000 3.389749 -25.126231
23.375000 0.248970 -25.345512
23.500000 -2.919219 -24.774117
23.625000 -6.015983 -23.424960
23.750000 -8.944103 -21.335340
23.875000 -11.611021 -18.565930
24.000000 -13.931762 -15.199027
24.125000 -15.831640 -11.336111
24.250000 -17.248654 -7.094798
24.375000 -18.135504 -2.605265
24.500000 -18.461162 1.993743
24.625000 -18.211944 6.559190
24.750000 -17.392045 10.948196
24.875000 -16.023521 15.022503
25.000000 -14.145708 18.652820
25.125000 -11.814105 21.722927
25.250000 -9.098740 24.133380
25.375000 -6.082067 25.804730
25.500000 -2.856476 26.680129
25.625000 0.478540 26.727245
25.750000 3.819446 25.939428
25.875000 7.061874 24.336081
26.000000 10.103885 21.962211
26.125000 12.849161 18.887184
26.250000 15.210059 15.202714
26.375000 17.110398 11.020132
26.500000 18.487915 6.467029
26.625000 19.296293 1.683375
26.750000 19.506715 -3.182783
26.875000 19.108867 -7.979892
27.000000 18.111381 -12.557612
27.125000 16.541679 -16.771517
27.250000 14.445240 -20.487649
27.375000 11.884284 -23.586767
27.500000 8.935938 -25.968169
27.625000 5.689917 -27.552949
27.750000 2.245798 -28.286605
27.875000 -1.290028 -28.140889
28.000000 -4.807639 -27.114860
28.125000 -8.196996 -25.235079
28.250000 -11.351381 -22.554953
28.375000 -14.170750 -19.153233
28.500000 -16.564904 -15.131715
28.625000 -18.456369 -10.612196
28.750000 -19.782893 -5.732799
28.875000 -20.499493 -0.643756
29.000000 -20.579963 4.497211
29.125000 -20.017811 9.529772
29.250000 -18.826590 14.295980
29.375000 -17.039592 18.645228
29.500000 -14.708939 22.438996
29.625000 -11.904064 25.555255
29.750000 -8.709657 27.892390
29.875000 -5.223109 29.372495
30.000000 -1.551547 29.943959
