0.000000 10.000000 0.000000
0.062500 10.000000 -1.250000
0.125000 9.921875 -2.484375
0.187500 9.766602 -3.693555
0.250000 9.535754 -4.868210
0.312500 9.231491 -5.999327
0.375000 8.856533 -7.078272
0.437500 8.414141 -8.096860
0.500000 7.908088 -9.047417
0.562500 7.342624 -9.922835
0.625000 6.722447 -10.716628
0.687500 6.052658 -11.422976
0.750000 5.338722 -12.036771
0.812500 4.586423 -12.553651
0.875000 3.801820 -12.970034
0.937500 2.991193 -13.283136
1.000000 2.160997 -13.490996
1.062500 1.317810 -13.592483
1.125000 0.468280 -13.587303
1.187500 -0.380927 -13.475997
1.250000 -1.223177 -13.259931
1.312500 -2.051922 -12.941285
1.375000 -2.860753 -12.523028
1.437500 -3.643442 -12.008896
1.500000 -4.393998 -11.403355
1.562500 -5.106708 -10.711563
1.625000 -5.776180 -9.939330
1.687500 -6.397388 -9.093066
1.750000 -6.965705 -8.179729
1.812500 -7.476938 -7.206770
1.875000 -7.927361 -6.182068
1.937500 -8.313740 -5.113872
2.000000 -8.633357 -4.010731
2.062500 -8.884028 -2.881427
2.125000 -9.064117 -1.734906
2.187500 -9.172549 -0.580205
2.250000 -9.208812 0.573617
2.312500 -9.172961 1.717548
2.375000 -9.065614 2.842699
2.437500 -8.887945 3.940367
2.500000 -8.641672 5.002105
2.562500 -8.329041 6.019788
2.625000 -7.952804 6.985671
2.687500 -7.516200 7.892450
2.750000 -7.022921 8.733320
2.812500 -6.477089 9.502018
2.875000 -5.883213 10.192879
2.937500 -5.246158 10.800870
3.000000 -4.571104 11.321629
3.062500 -3.863502 11.751496
3.125000 -3.129033 12.087540
3.187500 -2.373562 12.327575
3.250000 -1.603089 12.470176
3.312500 -0.823703 12.514685
3.375000 -0.041535 12.461214
3.437500 0.737291 12.310641
3.500000 1.506706 12.064596
3.562500 2.260743 11.725450
3.625000 2.993584 11.296289
3.687500 3.699602 10.780888
3.750000 4.373408 10.183676
3.812500 5.009887 9.509704
3.875000 5.604244 8.764597
3.937500 6.152031 7.954509
4.000000 6.649188 7.086074
4.062500 7.092068 6.166350
4.125000 7.477465 5.202762
4.187500 7.802637 4.203044
4.250000 8.065327 3.175176
4.312500 8.263776 2.127321
4.375000 8.396734 1.067757
4.437500 8.463468 0.004819
4.500000 8.463769 -1.053175
4.562500 8.397946 -2.097982
4.625000 8.266822 -3.121500
4.687500 8.071728 -4.115834
4.750000 7.814489 -5.073352
4.812500 7.497404 -5.986746
4.875000 7.123233 -6.849088
4.937500 6.695165 -7.653878
5.000000 6.216797 -8.395100
5.062500 5.692103 -9.067261
5.125000 5.125400 -9.665433
5.187500 4.521310 -10.185290
5.250000 3.884729 -10.623138
5.312500 3.220783 -10.975940
5.375000 2.534787 -11.241339
5.437500 1.832203 -11.417670
5.500000 1.118599 -11.503975
5.562500 0.399601 -11.500000
5.625000 -0.319149 -11.406200
5.687500 -1.032037 -11.223729
5.750000 -1.733520 -10.954428
5.812500 -2.418172 -10.600807
5.875000 -3.080722 -10.166026
5.937500 -3.716099 -9.653860
6.000000 -4.319465 -9.068675
6.062500 -4.886257 -8.415383
6.125000 -5.412219 -7.699409
6.187500 -5.893432 -6.926639
6.250000 -6.326347 -6.103377
6.312500 -6.707808 -5.236291
6.375000 -7.035076 -4.332362
6.437500 -7.305848 -3.398823
6.500000 -7.518275 -2.443106
6.562500 -7.670969 -1.472783
6.625000 -7.763018 -0.495502
6.687500 -7.793987 0.481069
6.750000 -7.763920 1.449304
6.812500 -7.673339 2.401678
6.875000 -7.523234 3.330824
6.937500 -7.315057 4.229593
7.000000 -7.050708 5.091105
7.062500 -6.732514 5.908805
7.125000 -6.363213 6.676509
7.187500 -5.945931 7.388454
7.250000 -5.484153 8.039340
7.312500 -4.981694 8.624367
7.375000 -4.442671 9.139274
7.437500 -3.871467 9.580367
7.500000 -3.272694 9.944546
7.562500 -2.651160 10.229326
7.625000 -2.011827 10.432854
7.687500 -1.359773 10.553922
7.750000 -0.700153 10.591970
7.812500 -0.038155 10.547089
7.875000 0.621038 10.420020
7.937500 1.272289 10.212140
8.000000 1.910548 9.925452
8.062500 2.530889 9.562566
8.125000 3.128549 9.126672
8.187500 3.698966 8.621520
8.250000 4.237811 8.051381
8.312500 4.741022 7.421012
8.375000 5.204836 6.735621
8.437500 5.625812 6.000822
8.500000 6.000863 5.222585
8.562500 6.327275 4.407195
8.625000 6.602725 3.561195
8.687500 6.825299 2.691340
8.750000 6.993508 1.804536
8.812500 7.106292 0.907791
8.875000 7.163028 0.008157
8.937500 7.163538 -0.887324
9.000000 7.108081 -1.771675
9.062500 6.997351 -2.638039
9.125000 6.832473 -3.479732
9.187500 6.614990 -4.290295
9.250000 6.346847 -5.063540
9.312500 6.030376 -5.793601
9.375000 5.668275 -6.474978
9.437500 5.263589 -7.102575
9.500000 4.819678 -7.671742
9.562500 4.340194 -8.178305
9.625000 3.829050 -8.618600
9.687500 3.290388 -8.989499
9.750000 2.728544 -9.288429
9.812500 2.148017 -9.513392
9.875000 1.553430 -9.662976
9.937500 0.949494 -9.736368
10.000000 0.340971 -9.733350
10.062500 -0.267363 -9.654305
10.125000 -0.870757 -9.500206
10.187500 -1.464520 -9.272608
10.250000 -2.044058 -8.973636
10.312500 -2.604910 -8.605958
10.375000 -3.142783 -8.172770
10.437500 -3.653581 -7.677762
10.500000 -4.133441 -7.125093
10.562500 -4.578759 -6.519349
10.625000 -4.986218 -5.865512
10.687500 -5.352813 -5.168916
10.750000 -5.675870 -4.435203
10.812500 -5.953070 -3.670279
10.875000 -6.182463 -2.880267
10.937500 -6.362479 -2.071456
11.000000 -6.491945 -1.250253
11.062500 -6.570086 -0.423131
11.125000 -6.596532 0.403419
11.187500 -6.571318 1.222942
11.250000 -6.494884 2.029070
11.312500 -6.368067 2.815568
11.375000 -6.192095 3.576381
11.437500 -5.968571 4.305688
11.500000 -5.699465 4.997939
11.562500 -5.387094 5.647898
11.625000 -5.034100 6.250686
11.687500 -4.643433 6.801815
11.750000 -4.218319 7.297221
11.812500 -3.762243 7.733296
11.875000 -3.278912 8.106910
11.937500 -2.772230 8.415437
12.000000 -2.246265 8.656773
12.062500 -1.705217 8.829347
12.125000 -1.153383 8.932132
12.187500 -0.595124 8.964653
12.250000 -0.034834 8.926985
12.312500 0.523103 8.819752
12.375000 1.074338 8.644118
12.437500 1.614595 8.401774
12.500000 2.139706 8.094927
12.562500 2.645639 7.726278
12.625000 3.128531 7.298994
12.687500 3.584718 6.816690
12.750000 4.010761 6.283392
12.812500 4.403473 5.703504
12.875000 4.759942 5.081776
12.937500 5.077553 4.423261
13.000000 5.354007 3.733277
13.062500 5.587337 3.017360
13.125000 5.775922 2.281226
13.187500 5.918499 1.530720
13.250000 6.014169 0.771774
13.312500 6.062404 0.010355
13.375000 6.063052 -0.747575
13.437500 6.016328 -1.496111
13.500000 5.922821 -2.229451
13.562500 5.783481 -2.941936
13.625000 5.599610 -3.628096
13.687500 5.372854 -4.282696
13.750000 5.105185 -4.900769
13.812500 4.798887 -5.477658
13.875000 4.456533 -6.009048
13.937500 4.080968 -6.491002
14.000000 3.675280 -6.919985
14.062500 3.242781 -7.292895
14.125000 2.786975 -7.607082
14.187500 2.311533 -7.860365
14.250000 1.820260 -8.051052
14.312500 1.317069 -8.177947
14.375000 0.805947 -8.240356
14.437500 0.290925 -8.238095
14.500000 -0.223956 -8.171484
14.562500 -0.734674 -8.041346
14.625000 -1.237258 -7.848995
14.687500 -1.727820 -7.596226
14.750000 -2.202584 -7.285295
14.812500 -2.657915 -6.918906
14.875000 -3.090347 -6.500180
14.937500 -3.496608 -6.032635
15.000000 -3.873648 -5.520151
15.062500 -4.218657 -4.966943
15.125000 -4.529091 -4.377524
15.187500 -4.802686 -3.756669
15.250000 -5.037478 -3.109375
15.312500 -5.231814 -2.440823
15.375000 -5.384365 -1.756336
15.437500 -5.494136 -1.061336
15.500000 -5.560470 -0.361302
15.562500 -5.583051 0.338273
15.625000 -5.561909 1.031926
15.687500 -5.497414 1.714265
15.750000 -5.390272 2.380014
15.812500 -5.241521 3.024048
15.875000 -5.052518 3.641437
15.937500 -4.824928 4.227484
16.000000 -4.560711 4.777757
16.062500 -4.262101 5.288123
16.125000 -3.931593 5.754785
16.187500 -3.571919 6.174299
16.250000 -3.186025 6.543610
16.312500 -2.777050 6.860068
16.375000 -2.348296 7.121448
16.437500 -1.903205 7.325967
16.500000 -1.445332 7.472293
16.562500 -0.978314 7.559556
16.625000 -0.505842 7.587351
16.687500 -0.031632 7.555739
16.750000 0.440602 7.465247
16.812500 0.907180 7.316856
16.875000 1.364483 7.111998
16.937500 1.808983 6.852537
17.000000 2.237266 6.540758
17.062500 2.646064 6.179340
17.125000 3.032273 5.771340
17.187500 3.392981 5.320164
17.250000 3.725492 4.829540
17.312500 4.027338 4.303484
17.375000 4.296306 3.746273
17.437500 4.530448 3.162407
17.500000 4.728098 2.556571
17.562500 4.887884 1.933601
17.625000 5.008734 1.298446
17.687500 5.089887 0.656123
17.750000 5.130894 0.011686
17.812500 5.131625 -0.629822
17.875000 5.092261 -1.263402
17.937500 5.013298 -1.884142
18.000000 4.895539 -2.487253
18.062500 4.740086 -3.068105
18.125000 4.548329 -3.622264
18.187500 4.321938 -4.145527
18.250000 4.062843 -4.633950
18.312500 3.773221 -5.083881
18.375000 3.455478 -5.491985
18.437500 3.112229 -5.855270
18.500000 2.746275 -6.171108
18.562500 2.360580 -6.437253
18.625000 1.958252 -6.651860
18.687500 1.542511 -6.813493
18.750000 1.116668 -6.921139
18.812500 0.684096 -6.974208
18.875000 0.248208 -6.972542
18.937500 -0.187576 -6.916412
19.000000 -0.619851 -6.806509
19.062500 -1.045258 -6.643947
19.125000 -1.460505 -6.430240
19.187500 -1.862395 -6.167299
19.250000 -2.247851 -5.857408
19.312500 -2.613939 -5.503209
19.375000 -2.957890 -5.107677
19.437500 -3.277119 -4.674095
19.500000 -3.569250 -4.206029
19.562500 -3.832127 -3.707297
19.625000 -4.063833 -3.181940
19.687500 -4.262704 -2.634187
19.750000 -4.427341 -2.068421
19.812500 -4.556617 -1.489148
19.875000 -4.649689 -0.900957
19.937500 -4.705999 -0.308484
20.000000 -4.725279 0.283622
20.062500 -4.707553 0.870737
20.125000 -4.653132 1.448297
20.187500 -4.562613 2.011835
20.250000 -4.436874 2.557013
20.312500 -4.277060 3.079660
20.375000 -4.084581 3.575797
20.437500 -3.861094 4.041672
20.500000 -3.608490 4.473788
20.562500 -3.328878 4.868926
20.625000 -3.024570 5.224175
20.687500 -2.698059 5.536944
20.750000 -2.352000 5.804989
20.812500 -1.989188 6.026427
20.875000 -1.612537 6.199745
20.937500 -1.225053 6.323815
21.000000 -0.829814 6.397899
21.062500 -0.429945 6.421652
21.125000 -0.028592 6.395125
21.187500 0.371103 6.318760
21.250000 0.766026 6.193387
21.312500 1.153112 6.020217
21.375000 1.529376 5.800825
21.437500 1.891928 5.537143
21.500000 2.237999 5.231438
21.562500 2.564964 4.886295
21.625000 2.870357 4.504596
21.687500 3.151894 4.089493
21.750000 3.407488 3.644388
21.812500 3.635262 3.172897
21.875000 3.833568 2.678828
21.937500 4.000995 2.166147
22.000000 4.136379 1.638946
22.062500 4.238813 1.101411
22.125000 4.307651 0.557792
22.187500 4.342513 0.012363
22.250000 4.343286 -0.530605
22.312500 4.310123 -1.066884
22.375000 4.243443 -1.592313
22.437500 4.143923 -2.102839
22.500000 4.012496 -2.594544
22.562500 3.850337 -3.063675
22.625000 3.658857 -3.506671
22.687500 3.439690 -3.920194
22.750000 3.194678 -4.301153
22.812500 2.925856 -4.646724
22.875000 2.635436 -4.954372
22.937500 2.325788 -5.221872
23.000000 1.999421 -5.447322
23.062500 1.658963 -5.629158
23.125000 1.307141 -5.766164
23.187500 0.946756 -5.857479
23.250000 0.580663 -5.902605
23.312500 0.211750 -5.901405
23.375000 -0.157088 -5.854107
23.437500 -0.522969 -5.761294
23.500000 -0.883050 -5.623907
23.562500 -1.234544 -5.443227
23.625000 -1.574746 -5.220869
23.687500 -1.901050 -4.958764
23.750000 -2.210973 -4.659149
23.812500 -2.502170 -4.324538
23.875000 -2.772453 -3.957710
23.937500 -3.019810 -3.561682
24.000000 -3.242415 -3.139684
24.062500 -3.438646 -2.695136
24.125000 -3.607092 -2.231616
24.187500 -3.746568 -1.752835
24.250000 -3.856120 -1.262603
24.312500 -3.935033 -0.764806
24.375000 -3.982833 -0.263367
24.437500 -3.999293 0.237780
24.500000 -3.984432 0.734719
24.562500 -3.938512 1.223589
24.625000 -3.862038 1.700608
24.687500 -3.755750 2.162105
24.750000 -3.620618 2.604548
24.812500 -3.457834 3.024568
24.875000 -3.268799 3.418990
24.937500 -3.055112 3.784853
25.000000 -2.818558 4.119431
25.062500 -2.561094 4.420258
25.125000 -2.284828 4.685141
25.187500 -1.992006 4.912181
25.250000 -1.684995 5.099779
25.312500 -1.366259 5.246656
25.375000 -1.038343 5.351856
25.437500 -0.703852 5.414750
25.500000 -0.365430 5.435047
25.562500 -0.025740 5.412788
25.625000 0.312560 5.348346
25.687500 0.646831 5.242421
25.750000 0.974483 5.096037
25.812500 1.292985 4.910526
25.875000 1.599893 4.687522
25.937500 1.892863 4.428941
26.000000 2.169672 4.136971
26.062500 2.428232 3.814050
26.125000 2.666611 3.462846
26.187500 2.883038 3.086234
26.250000 3.075928 2.687276
26.312500 3.243883 2.269194
26.375000 3.385707 1.835344
26.437500 3.500416 1.389189
26.500000 3.587241 0.934272
26.562500 3.645633 0.474188
26.625000 3.675269 0.012557
26.687500 3.676054 -0.447009
26.750000 3.648116 -0.900928
26.812500 3.591808 -1.345681
26.875000 3.507703 -1.777836
26.937500 3.396588 -2.194076
27.000000 3.259459 -2.591224
27.062500 3.097507 -2.966266
27.125000 2.912116 -3.316376
27.187500 2.704842 -3.638935
27.250000 2.477409 -3.931554
27.312500 2.231687 -4.192086
27.375000 1.969681 -4.418645
27.437500 1.693516 -4.609622
27.500000 1.405414 -4.763692
27.562500 1.107684 -4.879822
27.625000 0.802695 -4.957285
27.687500 0.492865 -4.995656
27.750000 0.180636 -4.994818
27.812500 -0.131540 -4.954962
27.875000 -0.441225 -4.876583
27.937500 -0.746012 -4.760472
28.000000 -1.043541 -4.607715
28.062500 -1.331523 -4.419676
28.125000 -1.607753 -4.197990
28.187500 -1.870128 -3.944546
28.250000 -2.116662 -3.661473
28.312500 -2.345504 -3.351122
28.375000 -2.554949 -3.016045
28.437500 -2.743452 -2.658976
28.500000 -2.909638 -2.282807
28.562500 -3.052313 -1.890567
28.625000 -3.170473 -1.485396
28.687500 -3.263311 -1.070519
28.750000 -3.330218 -0.649224
28.812500 -3.370795 -0.224831
28.875000 -3.384847 0.199328
28.937500 -3.372389 0.619943
29.000000 -3.333642 1.033742
29.062500 -3.269033 1.437525
29.125000 -3.179188 1.828185
29.187500 -3.064926 2.202732
29.250000 -2.927256 2.558313
29.312500 -2.767361 2.892241
29.375000 -2.586596 3.202008
29.437500 -2.386470 3.485308
29.500000 -2.168639 3.740050
29.562500 -1.934886 3.964379
29.625000 -1.687112 4.156685
29.687500 -1.427319 4.315616
29.750000 -1.157593 4.440085
29.812500 -0.880088 4.529284
29.875000 -0.597007 4.582678
29.937500 -0.310590 4.600021
30.000000 -0.023089 4.581344
