0.000000 10.000000 0.000000
0.062500 9.960938 -1.242188
0.125000 9.844876 -2.459240
0.187500 9.653678 -3.642004
0.250000 9.389765 -4.781704
0.312500 9.056098 -5.870013
0.375000 8.656140 -6.899104
0.437500 8.193828 -7.861709
0.500000 7.673535 -8.751169
0.562500 7.100030 -9.561476
0.625000 6.478439 -10.287312
0.687500 5.814194 -10.924083
0.750000 5.112994 -11.467945
0.812500 4.380754 -11.915825
0.875000 3.623558 -12.265433
0.937500 2.847605 -12.515276
1.000000 2.059165 -12.664651
1.062500 1.264528 -12.713648
1.125000 0.469952 -12.663136
1.187500 -0.318383 -12.514747
1.250000 -1.094423 -12.270856
1.312500 -1.852283 -11.934548
1.375000 -2.586295 -11.509591
1.437500 -3.291045 -11.000394
1.500000 -3.961417 -10.411969
1.562500 -4.592624 -9.749879
1.625000 -5.180243 -9.020192
1.687500 -5.720246 -8.229426
1.750000 -6.209026 -7.384493
1.812500 -6.643418 -6.492640
1.875000 -7.020721 -5.561391
1.937500 -7.338711 -4.598478
2.000000 -7.595653 -3.611788
2.062500 -7.790308 -2.609292
2.125000 -7.921939 -1.598985
2.187500 -7.990305 -0.588823
2.250000 -7.995665 0.413337
2.312500 -7.938760 1.399799
2.375000 -7.820808 2.363086
2.437500 -7.643488 3.295992
2.500000 -7.408919 4.191640
2.562500 -7.119638 5.043525
2.625000 -6.778576 5.845566
2.687500 -6.389033 6.592145
2.750000 -5.954642 7.278145
2.812500 -5.479341 7.898985
2.875000 -4.967336 8.450646
2.937500 -4.423068 8.929699
3.000000 -3.851172 9.333322
3.062500 -3.256442 9.659314
3.125000 -2.643787 9.906107
3.187500 -2.018198 10.072767
3.250000 -1.384701 10.158995
3.312500 -0.748323 10.165124
3.375000 -0.114051 10.092102
3.437500 0.513209 9.941484
3.500000 1.128664 9.715408
3.562500 1.727673 9.416573
3.625000 2.305781 9.048208
3.687500 2.858753 8.614047
3.750000 3.382599 8.118285
3.812500 3.873607 7.565546
3.875000 4.328368 6.960840
3.937500 4.743793 6.309519
4.000000 5.117143 5.617228
4.062500 5.446037 4.889864
4.125000 5.728470 4.133522
4.187500 5.962823 3.354446
4.250000 6.147873 2.558980
4.312500 6.282795 1.753515
4.375000 6.367163 0.944443
4.437500 6.400950 0.138101
4.500000 6.384523 -0.659272
4.562500 6.318637 -1.441585
4.625000 6.204418 -2.202940
4.687500 6.043359 -2.937675
4.750000 5.837295 -3.640407
4.812500 5.588390 -4.306067
4.875000 5.299113 -4.929940
4.937500 4.972218 -5.507693
5.000000 4.610716 -6.035405
5.062500 4.217850 -6.509596
5.125000 3.797067 -6.927242
5.187500 3.351988 -7.285800
5.250000 2.886378 -7.583217
5.312500 2.404114 -7.817939
5.375000 1.909156 -7.988923
5.437500 1.405511 -8.095632
5.500000 0.897206 -8.138036
5.562500 0.388253 -8.116607
5.625000 -0.117381 -8.032306
5.687500 -0.615804 -7.886573
5.750000 -1.103228 -7.681306
5.812500 -1.576000 -7.418843
5.875000 -2.030623 -7.101938
5.937500 -2.463788 -6.733735
6.000000 -2.872392 -6.317737
6.062500 -3.253563 -5.857776
6.125000 -3.604676 -5.357976
6.187500 -3.923376 -4.822721
6.250000 -4.207586 -4.256619
6.312500 -4.455527 -3.664455
6.375000 -4.665719 -3.051161
6.437500 -4.836999 -2.421772
6.500000 -4.968520 -1.781383
6.562500 -5.059752 -1.135113
6.625000 -5.110488 -0.488062
6.687500 -5.120839 0.154725
6.750000 -5.091226 0.788303
6.812500 -5.022377 1.407857
6.875000 -4.915317 2.008743
6.937500 -4.771355 2.586518
7.000000 -4.592070 3.136977
7.062500 -4.379296 3.656177
7.125000 -4.135107 4.140470
7.187500 -3.861792 4.586521
7.250000 -3.561841 4.991339
7.312500 -3.237919 5.352287
7.375000 -2.892843 5.667105
7.437500 -2.529563 5.933917
7.500000 -2.151130 6.151246
7.562500 -1.760677 6.318019
7.625000 -1.361391 6.433566
7.687500 -0.956488 6.497628
7.750000 -0.549188 6.510348
7.812500 -0.142690 6.472266
7.875000 0.259856 6.384311
7.937500 0.655367 6.247788
8.000000 1.040853 6.064364
8.062500 1.413441 5.836051
8.125000 1.770393 5.565184
8.187500 2.109128 5.254398
8.250000 2.427236 4.906611
8.312500 2.722501 4.524987
8.375000 2.992911 4.112917
8.437500 3.236670 3.673985
8.500000 3.452216 3.211940
8.562500 3.638222 2.730665
8.625000 3.793610 2.234143
8.687500 3.917553 1.726426
8.750000 4.009477 1.211604
8.812500 4.069067 0.693768
8.875000 4.096262 0.176986
8.937500 4.091253 -0.334737
9.000000 4.054482 -0.837481
9.062500 3.986628 -1.327450
9.125000 3.888608 -1.800989
9.187500 3.761560 -2.254620
9.250000 3.606834 -2.685063
9.312500 3.425977 -3.089257
9.375000 3.220722 -3.464386
9.437500 2.992971 -3.807893
9.500000 2.744773 -4.117500
9.562500 2.478316 -4.391222
9.625000 2.195899 -4.627375
9.687500 1.899918 -4.824590
9.750000 1.592844 -4.981819
9.812500 1.277205 -5.098336
9.875000 0.955561 -5.173743
9.937500 0.630491 -5.207964
10.000000 0.304564 -5.201246
10.062500 -0.019672 -5.154152
10.125000 -0.339716 -5.067551
10.187500 -0.653131 -4.942609
10.250000 -0.957562 -4.780774
10.312500 -1.250753 -4.583766
10.375000 -1.530562 -4.353554
10.437500 -1.794980 -4.092344
10.500000 -2.042141 -3.802554
10.562500 -2.270338 -3.486793
10.625000 -2.478032 -3.147842
10.687500 -2.663863 -2.788626
10.750000 -2.826657 -2.412191
10.812500 -2.965435 -2.021680
10.875000 -3.079416 -1.620308
10.937500 -3.168024 -1.211330
11.000000 -3.230884 -0.798023
11.062500 -3.267828 -0.383656
11.125000 -3.278891 0.028533
11.187500 -3.264311 0.435367
11.250000 -3.224519 0.833747
11.312500 -3.160140 1.220679
11.375000 -3.071980 1.593297
11.437500 -2.961022 1.948879
11.500000 -2.828412 2.284872
11.562500 -2.675451 2.598906
11.625000 -2.503584 2.888812
11.687500 -2.314382 3.152635
11.750000 -2.109533 3.388648
11.812500 -1.890826 3.595361
11.875000 -1.660134 3.771532
11.937500 -1.419402 3.916169
12.000000 -1.170627 4.028542
12.062500 -0.915844 4.108177
12.125000 -0.657110 4.154863
12.187500 -0.396487 4.168647
12.250000 -0.136026 4.149832
12.312500 0.122249 4.098970
12.375000 0.376356 4.016856
12.437500 0.624370 3.904518
12.500000 0.864438 3.763206
12.562500 1.094792 3.594381
12.625000 1.313760 3.399697
12.687500 1.519781 3.180993
12.750000 1.711414 2.940268
12.812500 1.887347 2.679669
12.875000 2.046407 2.401471
12.937500 2.187567 2.108058
13.000000 2.309952 1.801900
13.062500 2.412844 1.485539
13.125000 2.495685 1.161563
13.187500 2.558080 0.832586
13.250000 2.599799 0.501230
13.312500 2.620774 0.170102
13.375000 2.621102 -0.158225
13.437500 2.601036 -0.481232
13.500000 2.560987 -0.796471
13.562500 2.501515 -1.101589
13.625000 2.423324 -1.394337
13.687500 2.327256 -1.672593
13.750000 2.214282 -1.934371
13.812500 2.085490 -2.177842
13.875000 1.942079 -2.401339
13.937500 1.785347 -2.603372
14.000000 1.616679 -2.782637
14.062500 1.437536 -2.938024
14.125000 1.249442 -3.068621
14.187500 1.053971 -3.173720
14.250000 0.852736 -3.252822
14.312500 0.647375 -3.305635
14.375000 0.439535 -3.332077
14.437500 0.230865 -3.332269
14.500000 0.022998 -3.306537
14.562500 -0.182459 -3.255404
14.625000 -0.383937 -3.179584
14.687500 -0.579919 -3.079975
14.750000 -0.768949 -2.957648
14.812500 -0.949643 -2.813838
14.875000 -1.120700 -2.649929
14.937500 -1.280907 -2.467449
15.000000 -1.429156 -2.268048
15.062500 -1.564440 -2.053487
15.125000 -1.685870 -1.825624
15.187500 -1.792673 -1.586399
15.250000 -1.884200 -1.337812
15.312500 -1.959931 -1.081915
15.375000 -2.019472 -0.820789
15.437500 -2.062562 -0.556531
15.500000 -2.089071 -0.291235
15.562500 -2.098999 -0.026978
15.625000 -2.092475 0.234197
15.687500 -2.069756 0.490298
15.750000 -2.031219 0.739395
15.812500 -1.977361 0.979637
15.875000 -1.908792 1.209267
15.937500 -1.826229 1.426630
16.000000 -1.730488 1.630187
16.062500 -1.622479 1.818529
16.125000 -1.503193 1.990378
16.187500 -1.373700 2.144603
16.250000 -1.235134 2.280225
16.312500 -1.088686 2.396420
16.375000 -0.935593 2.492526
16.437500 -0.777129 2.568046
16.500000 -0.614594 2.622649
16.562500 -0.449302 2.656170
16.625000 -0.282574 2.668612
16.687500 -0.115724 2.660139
16.750000 0.049947 2.631079
16.812500 0.213167 2.581914
16.875000 0.372695 2.513277
16.937500 0.527338 2.425944
17.000000 0.675952 2.320828
17.062500 0.817456 2.198967
17.125000 0.950840 2.061519
17.187500 1.075165 1.909746
17.250000 1.189578 1.745008
17.312500 1.293313 1.568747
17.375000 1.385695 1.382479
17.437500 1.466147 1.187776
17.500000 1.534192 0.986259
17.562500 1.589455 0.779580
17.625000 1.631665 0.569411
17.687500 1.660657 0.357430
17.750000 1.676370 0.145309
17.812500 1.678847 -0.065300
17.875000 1.668233 -0.272778
17.937500 1.644774 -0.475550
18.000000 1.608813 -0.672097
18.062500 1.560785 -0.860968
18.125000 1.501214 -1.040788
18.187500 1.430708 -1.210273
18.250000 1.349950 -1.368232
18.312500 1.259696 -1.513581
18.375000 1.160768 -1.645345
18.437500 1.054042 -1.762669
18.500000 0.940447 -1.864819
18.562500 0.820950 -1.951191
18.625000 0.696556 -2.021310
18.687500 0.568293 -2.074831
18.750000 0.437207 -2.111545
18.812500 0.304352 -2.131377
18.875000 0.170785 -2.134382
18.937500 0.037553 -2.120746
19.000000 -0.094312 -2.090783
19.062500 -0.223801 -2.044929
19.125000 -0.349936 -1.983739
19.187500 -0.471778 -1.907880
19.250000 -0.588432 -1.818124
19.312500 -0.699056 -1.715343
19.375000 -0.802865 -1.600499
19.437500 -0.899134 -1.474635
19.500000 -0.987211 -1.338867
19.562500 -1.066511 -1.194376
19.625000 -1.136527 -1.042394
19.687500 -1.196829 -0.884195
19.750000 -1.247071 -0.721089
19.812500 -1.286986 -0.554406
19.875000 -1.316393 -0.385486
19.937500 -1.335193 -0.215671
20.000000 -1.343372 -0.046293
20.062500 -1.341000 0.121335
20.125000 -1.328226 0.285931
20.187500 -1.305278 0.446253
20.250000 -1.272463 0.601106
20.312500 -1.230158 0.749355
20.375000 -1.178811 0.889928
20.437500 -1.118933 1.021828
20.500000 -1.051097 1.144136
20.562500 -0.975930 1.256020
20.625000 -0.894107 1.356741
20.687500 -0.806348 1.445652
20.750000 -0.713410 1.522211
20.812500 -0.616079 1.585975
20.875000 -0.515169 1.636608
20.937500 -0.411508 1.673879
21.000000 -0.305937 1.697664
21.062500 -0.199301 1.707948
21.125000 -0.092443 1.704817
21.187500 0.013803 1.688464
21.250000 0.118619 1.659180
21.312500 0.221206 1.617354
21.375000 0.320795 1.563467
21.437500 0.416648 1.498090
21.500000 0.508066 1.421874
21.562500 0.594393 1.335546
21.625000 0.675021 1.239904
21.687500 0.749394 1.135809
21.750000 0.817011 1.024174
21.812500 0.877430 0.905963
21.875000 0.930271 0.782177
21.937500 0.975218 0.653849
22.000000 1.012019 0.522032
22.062500 1.040489 0.387797
22.125000 1.060510 0.252217
22.187500 1.072033 0.116363
22.250000 1.075072 -0.018703
22.312500 1.069711 -0.151942
22.375000 1.056095 -0.282339
22.437500 1.034434 -0.408916
22.500000 1.004996 -0.530735
22.562500 0.968106 -0.646909
22.625000 0.924146 -0.756603
22.687500 0.873544 -0.859045
22.750000 0.816777 -0.953529
22.812500 0.754363 -1.039419
22.875000 0.686859 -1.116153
22.937500 0.614852 -1.183249
23.000000 0.538959 -1.240305
23.062500 0.459819 -1.287002
23.125000 0.378088 -1.323106
23.187500 0.294434 -1.348468
23.250000 0.209532 -1.363024
23.312500 0.124056 -1.366796
23.375000 0.038681 -1.359889
23.437500 -0.045932 -1.342490
23.500000 -0.129134 -1.314864
23.562500 -0.210295 -1.277353
23.625000 -0.288809 -1.230374
23.687500 -0.364098 -1.174409
23.750000 -0.435618 -1.110005
23.812500 -0.502858 -1.037769
23.875000 -0.565349 -0.958360
23.937500 -0.622664 -0.872485
24.000000 -0.674421 -0.780892
24.062500 -0.720287 -0.684366
24.125000 -0.759979 -0.583718
24.187500 -0.793265 -0.479784
24.250000 -0.819965 -0.373411
24.312500 -0.839954 -0.265459
24.375000 -0.853161 -0.156787
24.437500 -0.859566 -0.048248
24.500000 -0.859205 0.059314
24.562500 -0.852165 0.165075
24.625000 -0.838583 0.268234
24.687500 -0.818648 0.368022
24.750000 -0.792592 0.463705
24.812500 -0.760696 0.554588
24.875000 -0.723279 0.640025
24.937500 -0.680702 0.719420
25.000000 -0.633361 0.792229
25.062500 -0.581682 0.857969
25.125000 -0.526122 0.916216
25.187500 -0.467161 0.966610
25.250000 -0.405301 1.008857
25.312500 -0.341058 1.042730
25.375000 -0.274962 1.068070
25.437500 -0.207551 1.084786
25.500000 -0.139365 1.092855
25.562500 -0.070944 1.092323
25.625000 -0.002823 1.083300
25.687500 0.064471 1.065962
25.750000 0.130425 1.040548
25.812500 0.194543 1.007357
25.875000 0.256350 0.966743
25.937500 0.315392 0.919114
26.000000 0.371246 0.864929
26.062500 0.423516 0.804691
26.125000 0.471840 0.738943
26.187500 0.515893 0.668266
26.250000 0.555383 0.593271
26.312500 0.590061 0.514595
26.375000 0.619717 0.432896
26.437500 0.644184 0.348847
26.500000 0.663334 0.263132
26.562500 0.677086 0.176437
26.625000 0.685399 0.089449
26.687500 0.688277 0.002849
26.750000 0.685766 -0.082694
26.812500 0.677951 -0.166529
26.875000 0.664960 -0.248024
26.937500 0.646958 -0.326575
27.000000 0.624147 -0.401607
27.062500 0.596765 -0.472580
27.125000 0.565083 -0.538993
27.187500 0.529399 -0.600386
27.250000 0.490041 -0.656344
27.312500 0.447362 -0.706500
27.375000 0.401734 -0.750535
27.437500 0.353549 -0.788183
27.500000 0.303215 -0.819231
27.562500 0.251149 -0.843519
27.625000 0.197777 -0.860943
27.687500 0.143532 -0.871453
27.750000 0.088846 -0.875054
27.812500 0.034150 -0.871802
27.875000 -0.020131 -0.861809
27.937500 -0.073579 -0.845237
28.000000 -0.125788 -0.822296
28.062500 -0.176369 -0.793244
28.125000 -0.224948 -0.758383
28.187500 -0.271172 -0.718058
28.250000 -0.314711 -0.672648
28.312500 -0.355259 -0.622572
28.375000 -0.392539 -0.568277
28.437500 -0.426301 -0.510237
28.500000 -0.456327 -0.448951
28.562500 -0.482428 -0.384937
28.625000 -0.504452 -0.318725
28.687500 -0.522277 -0.250858
28.750000 -0.535818 -0.181885
28.812500 -0.545021 -0.112357
28.875000 -0.549871 -0.042821
28.937500 -0.550382 0.026183
29.000000 -0.546606 0.094123
29.062500 -0.538625 0.160485
29.125000 -0.526554 0.224772
29.187500 -0.510536 0.286510
29.250000 -0.490747 0.345250
29.312500 -0.467387 0.400572
29.375000 -0.440682 0.452090
29.437500 -0.410881 0.499449
29.500000 -0.378256 0.542333
29.562500 -0.343094 0.580464
29.625000 -0.305702 0.613605
29.687500 -0.266397 0.641560
29.750000 -0.225510 0.664176
29.812500 -0.183377 0.681344
29.875000 -0.140343 0.692998
29.937500 -0.096753 0.699116
30.000000 -0.052953 0.699719
