0.000000 10.000000 0.000000
0.062500 9.922361 -1.242220
0.125000 9.768953 -2.454532
0.187500 9.542202 -3.628012
0.250000 9.245066 -4.754182
0.312500 8.880999 -5.825072
0.375000 8.453920 -6.833267
0.437500 7.968172 -7.771964
0.500000 7.428484 -8.635008
0.562500 6.839926 -9.416933
0.625000 6.207864 -10.112991
0.687500 5.537915 -10.719179
0.750000 4.835899 -11.232256
0.812500 4.107789 -11.649758
0.875000 3.359664 -11.970003
0.937500 2.597658 -12.192089
1.000000 1.827915 -12.315896
1.062500 1.056536 -12.342063
1.125000 0.289537 -12.271982
1.187500 -0.467198 -12.107765
1.250000 -1.207962 -11.852224
1.312500 -1.927264 -11.508833
1.375000 -2.619870 -11.081689
1.437500 -3.280837 -10.575477
1.500000 -3.905551 -9.995415
1.562500 -4.489752 -9.347212
1.625000 -5.029565 -8.637013
1.687500 -5.521524 -7.871341
1.750000 -5.962589 -7.057047
1.812500 -6.350167 -6.201247
1.875000 -6.682121 -5.311260
1.937500 -6.956780 -4.394555
2.000000 -7.172948 -3.458685
2.062500 -7.329900 -2.511228
2.125000 -7.427383 -1.559730
2.187500 -7.465611 -0.611643
2.250000 -7.445253 0.325728
2.312500 -7.367423 1.245278
2.375000 -7.233663 2.140161
2.437500 -7.045923 3.003830
2.500000 -6.806543 3.830090
2.562500 -6.518222 4.613135
2.625000 -6.183997 5.347591
2.687500 -5.807213 6.028548
2.750000 -5.391489 6.651593
2.812500 -4.940687 7.212832
2.875000 -4.458879 7.708917
2.937500 -3.950313 8.137058
3.000000 -3.419373 8.495040
3.062500 -2.870546 8.781229
3.125000 -2.308386 8.994572
3.187500 -1.737473 9.134603
3.250000 -1.162384 9.201430
3.312500 -0.587651 9.195728
3.375000 -0.017730 9.118724
3.437500 0.543031 8.972180
3.500000 1.090429 8.758367
3.562500 1.620432 8.480043
3.625000 2.129208 8.140422
3.687500 2.613154 7.743139
3.750000 3.068918 7.292220
3.812500 3.493420 6.792041
3.875000 3.883876 6.247288
3.937500 4.237808 5.662918
4.000000 4.553065 5.044114
4.062500 4.827830 4.396242
4.125000 5.060631 3.724807
4.187500 5.250344 3.035406
4.250000 5.396199 2.333683
4.312500 5.497780 1.625289
4.375000 5.555019 0.915832
4.437500 5.568196 0.210837
4.500000 5.537928 -0.484295
4.562500 5.465157 -1.164327
4.625000 5.351143 -1.824227
4.687500 5.197443 -2.459200
4.750000 5.005898 -3.064721
4.812500 4.778612 -3.636572
4.875000 4.517934 -4.170860
4.937500 4.226431 -4.664051
5.000000 3.906869 -5.112985
5.062500 3.562188 -5.514900
5.125000 3.195473 -5.867442
5.187500 2.809930 -6.168679
5.250000 2.408861 -6.417109
5.312500 1.995632 -6.611665
5.375000 1.573650 -6.751716
5.437500 1.146333 -6.837062
5.500000 0.717087 -6.867934
5.562500 0.289276 -6.844981
5.625000 -0.133803 -6.769258
5.687500 -0.548941 -6.642216
5.750000 -0.953046 -6.465676
5.812500 -1.343159 -6.241817
5.875000 -1.716481 -5.973149
5.937500 -2.070387 -5.662489
6.000000 -2.402445 -5.312934
6.062500 -2.710435 -4.927831
6.125000 -2.992357 -4.510752
6.187500 -3.246448 -4.065455
6.250000 -3.471189 -3.595858
6.312500 -3.665314 -3.106004
6.375000 -3.827815 -2.600025
6.437500 -3.957948 -2.082114
6.500000 -4.055228 -1.556486
6.562500 -4.119437 -1.027348
6.625000 -4.150616 -0.498865
6.687500 -4.149062 0.024871
6.750000 -4.115320 0.539870
6.812500 -4.050178 1.042276
6.875000 -3.954653 1.528396
6.937500 -3.829983 1.994719
7.000000 -3.677611 2.437949
7.062500 -3.499172 2.855021
7.125000 -3.296477 3.243123
7.187500 -3.071495 3.599716
7.250000 -2.826336 3.922544
7.312500 -2.563233 4.209651
7.375000 -2.284521 4.459392
7.437500 -1.992618 4.670437
7.500000 -1.690007 4.841779
7.562500 -1.379211 4.972735
7.625000 -1.062777 5.062947
7.687500 -0.743253 5.112380
7.750000 -0.423171 5.121314
7.812500 -0.105025 5.090341
7.875000 0.208747 5.020352
7.937500 0.515780 4.912528
8.000000 0.813800 4.768323
8.062500 1.100641 4.589449
8.125000 1.374257 4.377861
8.187500 1.632741 4.135736
8.250000 1.874331 3.865450
8.312500 2.097429 3.569563
8.375000 2.300603 3.250789
8.437500 2.482602 2.911975
8.500000 2.642357 2.556081
8.562500 2.778991 2.186147
8.625000 2.891821 1.805274
8.687500 2.980358 1.416598
8.750000 3.044312 1.023264
8.812500 3.083587 0.628402
8.875000 3.098281 0.235102
8.937500 3.088681 -0.153607
9.000000 3.055257 -0.534784
9.062500 2.998657 -0.905590
9.125000 2.919700 -1.263317
9.187500 2.819362 -1.605401
9.250000 2.698772 -1.929440
9.312500 2.559196 -2.233213
9.375000 2.402028 -2.514693
9.437500 2.228774 -2.772058
9.500000 2.041043 -3.003702
9.562500 1.840528 -3.208247
9.625000 1.628993 -3.384548
9.687500 1.408262 -3.531695
9.750000 1.180199 -3.649022
9.812500 0.946692 -3.736105
9.875000 0.709644 -3.792761
9.937500 0.470954 -3.819046
10.000000 0.232501 -3.815252
10.062500 -0.003868 -3.781898
10.125000 -0.236351 -3.719727
10.187500 -0.463206 -3.629690
10.250000 -0.682765 -3.512941
10.312500 -0.893442 -3.370823
10.375000 -1.093745 -3.204852
10.437500 -1.282289 -3.016707
10.500000 -1.457802 -2.808209
10.562500 -1.619134 -2.581310
10.625000 -1.765263 -2.338071
10.687500 -1.895304 -2.080647
10.750000 -2.008508 -1.811269
10.812500 -2.104272 -1.532222
10.875000 -2.182136 -1.245831
10.937500 -2.241789 -0.954439
11.000000 -2.283063 -0.660391
11.062500 -2.305939 -0.366012
11.125000 -2.310539 -0.073593
11.187500 -2.297124 0.214627
11.250000 -2.266094 0.496480
11.312500 -2.217977 0.769880
11.375000 -2.153424 1.032843
11.437500 -2.073206 1.283497
11.500000 -1.978200 1.520098
11.562500 -1.869385 1.741038
11.625000 -1.747831 1.944857
11.687500 -1.614690 2.130251
11.750000 -1.471185 2.296082
11.812500 -1.318599 2.441381
11.875000 -1.158264 2.565356
11.937500 -0.991552 2.667391
12.000000 -0.819862 2.747053
12.062500 -0.644606 2.804087
12.125000 -0.467205 2.838420
12.187500 -0.289070 2.850156
12.250000 -0.111597 2.839573
12.312500 0.063848 2.807116
12.375000 0.235935 2.753394
12.437500 0.403383 2.679172
12.500000 0.564968 2.585360
12.562500 0.719531 2.473005
12.625000 0.865986 2.343283
12.687500 1.003329 2.197485
12.750000 1.130642 2.037003
12.812500 1.247100 1.863325
12.875000 1.351975 1.678012
12.937500 1.444644 1.482695
13.000000 1.524585 1.279053
13.062500 1.591385 1.068802
13.125000 1.644740 0.853682
13.187500 1.684455 0.635444
13.250000 1.710445 0.415832
13.312500 1.722730 0.196574
13.375000 1.721441 -0.020634
13.437500 1.706807 -0.234138
13.500000 1.679161 -0.442342
13.562500 1.638929 -0.643715
13.625000 1.586628 -0.836805
13.687500 1.522863 -1.020249
13.750000 1.448314 -1.192780
13.812500 1.363737 -1.353235
13.875000 1.269951 -1.500567
13.937500 1.167836 -1.633846
14.000000 1.058319 -1.752265
14.062500 0.942373 -1.855148
14.125000 0.821001 -1.941950
14.187500 0.695235 -2.012259
14.250000 0.566122 -2.065798
14.312500 0.434721 -2.102425
14.375000 0.302088 -2.122131
14.437500 0.169273 -2.125041
14.500000 0.037310 -2.111404
14.562500 -0.092790 -2.081597
14.625000 -0.220047 -2.036115
14.687500 -0.343520 -1.975567
14.750000 -0.462312 -1.900668
14.812500 -0.575577 -1.812235
14.875000 -0.682525 -1.711174
14.937500 -0.782430 -1.598476
15.000000 -0.874630 -1.475206
15.062500 -0.958536 -1.342494
15.125000 -1.033631 -1.201524
15.187500 -1.099476 -1.053525
15.250000 -1.155711 -0.899760
15.312500 -1.202056 -0.741518
15.375000 -1.238313 -0.580101
15.437500 -1.264363 -0.416812
15.500000 -1.280173 -0.252951
15.562500 -1.285785 -0.089799
15.625000 -1.281324 0.071388
15.687500 -1.266987 0.229392
15.750000 -1.243047 0.383038
15.812500 -1.209846 0.531203
15.875000 -1.167795 0.672828
15.937500 -1.117362 0.806918
16.000000 -1.059078 0.932557
16.062500 -0.993521 1.048905
16.125000 -0.921320 1.155213
16.187500 -0.843144 1.250817
16.250000 -0.759697 1.335150
16.312500 -0.671713 1.407742
16.375000 -0.579950 1.468220
16.437500 -0.485180 1.516313
16.500000 -0.388190 1.551848
16.562500 -0.289767 1.574756
16.625000 -0.190701 1.585064
16.687500 -0.091770 1.582897
16.750000 0.006260 1.568476
16.812500 0.102642 1.542113
16.875000 0.196655 1.504208
16.937500 0.287608 1.455242
17.000000 0.374844 1.395776
17.062500 0.457746 1.326444
17.125000 0.535743 1.247945
17.187500 0.608308 1.161037
17.250000 0.674966 1.066533
17.312500 0.735297 0.965290
17.375000 0.788934 0.858203
17.437500 0.835572 0.746201
17.500000 0.874961 0.630233
17.562500 0.906915 0.511263
17.625000 0.931307 0.390264
17.687500 0.948070 0.268209
17.750000 0.957199 0.146063
17.812500 0.958747 0.024775
17.875000 0.952827 -0.094727
17.937500 0.939605 -0.211543
18.000000 0.919305 -0.324812
18.062500 0.892198 -0.433712
18.125000 0.858606 -0.537468
18.187500 0.818896 -0.635358
18.250000 0.773476 -0.726719
18.312500 0.722792 -0.810947
18.375000 0.667323 -0.887505
18.437500 0.607578 -0.955924
18.500000 0.544090 -1.015806
18.562500 0.477413 -1.066824
18.625000 0.408118 -1.108727
18.687500 0.336784 -1.141338
18.750000 0.264000 -1.164556
18.812500 0.190352 -1.178354
18.875000 0.116429 -1.182779
18.937500 0.042807 -1.177948
19.000000 -0.029946 -1.164051
19.062500 -0.101280 -1.141342
19.125000 -0.170664 -1.110143
19.187500 -0.237591 -1.070834
19.250000 -0.301582 -1.023852
19.312500 -0.362187 -0.969688
19.375000 -0.418992 -0.908879
19.437500 -0.471618 -0.842005
19.500000 -0.519723 -0.769684
19.562500 -0.563008 -0.692568
19.625000 -0.601217 -0.611333
19.687500 -0.634134 -0.526676
19.750000 -0.661591 -0.439312
19.812500 -0.683464 -0.349961
19.875000 -0.699673 -0.259351
19.937500 -0.710186 -0.168206
20.000000 -0.715013 -0.077242
20.062500 -0.714211 0.012839
20.125000 -0.707877 0.101350
20.187500 -0.696150 0.187631
20.250000 -0.679209 0.271047
20.312500 -0.657272 0.350999
20.375000 -0.630589 0.426921
20.437500 -0.599446 0.498290
20.500000 -0.564157 0.564626
20.562500 -0.525064 0.625496
20.625000 -0.482531 0.680517
20.687500 -0.436946 0.729358
20.750000 -0.388713 0.771739
20.812500 -0.338248 0.807437
20.875000 -0.285980 0.836283
20.937500 -0.232345 0.858167
21.000000 -0.177780 0.873030
21.062500 -0.122726 0.880874
21.125000 -0.067616 0.881750
21.187500 -0.012881 0.875766
21.250000 0.041061 0.863080
21.312500 0.093805 0.843901
21.375000 0.144960 0.818482
21.437500 0.194156 0.787124
21.500000 0.241041 0.750166
21.562500 0.285290 0.707986
21.625000 0.326602 0.660998
21.687500 0.364705 0.609645
21.750000 0.399355 0.554395
21.812500 0.430339 0.495743
21.875000 0.457476 0.434199
21.937500 0.480619 0.370288
22.000000 0.499653 0.304544
22.062500 0.514498 0.237508
22.125000 0.525105 0.169722
22.187500 0.531463 0.101724
22.250000 0.533591 0.034045
22.312500 0.531541 -0.032794
22.375000 0.525398 -0.098288
22.437500 0.515276 -0.161951
22.500000 0.501319 -0.223318
22.562500 0.483697 -0.281950
22.625000 0.462607 -0.337436
22.687500 0.438270 -0.389398
22.750000 0.410927 -0.437489
22.812500 0.380839 -0.481399
22.875000 0.348286 -0.520854
22.937500 0.313560 -0.555623
23.000000 0.276965 -0.585511
23.062500 0.238817 -0.610365
23.125000 0.199438 -0.630075
23.187500 0.159152 -0.644571
23.250000 0.118288 -0.653827
23.312500 0.077172 -0.657856
23.375000 0.036127 -0.656711
23.437500 -0.004528 -0.650486
23.500000 -0.044485 -0.639313
23.562500 -0.083445 -0.623358
23.625000 -0.121121 -0.602824
23.687500 -0.157243 -0.577945
23.750000 -0.191555 -0.548984
23.812500 -0.223819 -0.516234
23.875000 -0.253820 -0.480010
23.937500 -0.281360 -0.440650
24.000000 -0.306267 -0.398511
24.062500 -0.328390 -0.353965
24.125000 -0.347602 -0.307398
24.187500 -0.363803 -0.259203
24.250000 -0.376914 -0.209783
24.312500 -0.386885 -0.159540
24.375000 -0.393690 -0.108878
24.437500 -0.397328 -0.058197
24.500000 -0.397821 -0.007891
24.562500 -0.395217 0.041656
24.625000 -0.389588 0.090071
24.687500 -0.381025 0.136997
24.750000 -0.369644 0.182094
24.812500 -0.355579 0.225042
24.875000 -0.338983 0.265542
24.937500 -0.320026 0.303319
25.000000 -0.298893 0.338126
25.062500 -0.275784 0.369739
25.125000 -0.250911 0.397966
25.187500 -0.224496 0.422643
25.250000 -0.196769 0.443636
25.312500 -0.167966 0.460843
25.375000 -0.138329 0.474190
25.437500 -0.108102 0.483639
25.500000 -0.077528 0.489178
25.562500 -0.046851 0.490829
25.625000 -0.016311 0.488643
25.687500 0.013858 0.482698
25.750000 0.043427 0.473103
25.812500 0.072176 0.459991
25.875000 0.099896 0.443522
25.937500 0.126388 0.423877
26.000000 0.151467 0.401263
26.062500 0.174961 0.375902
26.125000 0.196714 0.348036
26.187500 0.216584 0.317922
26.250000 0.234448 0.285832
26.312500 0.250201 0.252046
26.375000 0.263754 0.216854
26.437500 0.275039 0.180552
26.500000 0.284004 0.143441
26.562500 0.290618 0.105822
26.625000 0.294868 0.067995
26.687500 0.296759 0.030256
26.750000 0.296315 -0.007101
26.812500 0.293578 -0.043794
26.875000 0.288606 -0.079548
26.937500 0.281475 -0.114102
27.000000 0.272274 -0.147206
27.062500 0.261110 -0.178627
27.125000 0.248101 -0.208149
27.187500 0.233377 -0.235573
27.250000 0.217082 -0.260721
27.312500 0.199368 -0.283435
27.375000 0.180394 -0.303577
27.437500 0.160329 -0.321034
27.500000 0.139347 -0.335713
27.562500 0.117626 -0.347547
27.625000 0.095345 -0.356490
27.687500 0.072688 -0.362518
27.750000 0.049835 -0.365634
27.812500 0.026969 -0.365861
27.875000 0.004266 -0.363243
27.937500 -0.018099 -0.357848
28.000000 -0.039959 -0.349762
28.062500 -0.061152 -0.339093
28.125000 -0.081525 -0.325965
28.187500 -0.100933 -0.310520
28.250000 -0.119240 -0.292917
28.312500 -0.136323 -0.273327
28.375000 -0.152069 -0.251934
28.437500 -0.166377 -0.228934
28.500000 -0.179161 -0.204532
28.562500 -0.190344 -0.178940
28.625000 -0.199868 -0.152376
28.687500 -0.207684 -0.125062
28.750000 -0.213761 -0.097223
28.812500 -0.218078 -0.069084
28.875000 -0.220632 -0.040867
28.937500 -0.221432 -0.012793
29.000000 -0.220499 0.014923
29.062500 -0.217870 0.042070
29.125000 -0.213592 0.068448
29.187500 -0.207725 0.093864
29.250000 -0.200342 0.118137
29.312500 -0.191523 0.141097
29.375000 -0.181362 0.162587
29.437500 -0.169958 0.182464
29.500000 -0.157420 0.200600
29.562500 -0.143865 0.216883
29.625000 -0.129414 0.231216
29.687500 -0.114194 0.243521
29.750000 -0.098336 0.253734
29.812500 -0.081972 0.261810
29.875000 -0.065240 0.267722
29.937500 -0.048274 0.271459
30.000000 -0.031209 0.273028
