0.000000 10.000000 0.000000
0.031250 10.000000 -0.625000
0.062500 9.980469 -1.246094
0.093750 9.941528 -1.862085
0.125000 9.883338 -2.471792
0.156250 9.806095 -3.074052
0.187500 9.710031 -3.667720
0.218750 9.595414 -4.251674
0.250000 9.462549 -4.824815
0.281250 9.311774 -5.386069
0.312500 9.143459 -5.934392
0.343750 8.958010 -6.468768
0.375000 8.755861 -6.988214
0.406250 8.537479 -7.491779
0.437500 8.303361 -7.978548
0.468750 8.054031 -8.447642
0.500000 7.790042 -8.898221
0.531250 7.511973 -9.329485
0.562500 7.220427 -9.740674
0.593750 6.916031 -10.131071
0.625000 6.599435 -10.500004
0.656250 6.271309 -10.846843
0.687500 5.932346 -11.171008
0.718750 5.583252 -11.471960
0.750000 5.224753 -11.749214
0.781250 4.857590 -12.002328
0.812500 4.482517 -12.230913
0.843750 4.100301 -12.434627
0.875000 3.711719 -12.613180
0.906250 3.317557 -12.766330
0.937500 2.918609 -12.893887
0.968750 2.515675 -12.995714
1.000000 2.109559 -13.071720
1.031250 1.701068 -13.121869
1.062500 1.291010 -13.146175
1.093750 0.880192 -13.144699
1.125000 0.469420 -13.117557
1.156250 0.059496 -13.064911
1.187500 -0.348782 -12.986973
1.218750 -0.754625 -12.884006
1.250000 -1.157250 -12.756317
1.281250 -1.555885 -12.604262
1.312500 -1.949768 -12.428242
1.343750 -2.338151 -12.228705
1.375000 -2.720298 -12.006141
1.406250 -3.095490 -11.761084
1.437500 -3.463024 -11.494109
1.468750 -3.822215 -11.205832
1.500000 -4.172397 -10.896907
1.531250 -4.512925 -10.568027
1.562500 -4.843176 -10.219919
1.593750 -5.162549 -9.853346
1.625000 -5.470466 -9.469103
1.656250 -5.766375 -9.068017
1.687500 -6.049751 -8.650944
1.718750 -6.320093 -8.218766
1.750000 -6.576929 -7.772393
1.781250 -6.819816 -7.312757
1.812500 -7.048340 -6.840814
1.843750 -7.262116 -6.357538
1.875000 -7.460789 -5.863921
1.906250 -7.644036 -5.360972
1.937500 -7.811567 -4.849714
1.968750 -7.963120 -4.331180
2.000000 -8.098469 -3.806415
2.031250 -8.217420 -3.276471
2.062500 -8.319810 -2.742404
2.093750 -8.405510 -2.205276
2.125000 -8.474425 -1.666149
2.156250 -8.526492 -1.126084
2.187500 -8.561682 -0.586140
2.218750 -8.579999 -0.047371
2.250000 -8.581479 0.489175
2.281250 -8.566192 1.022460
2.312500 -8.534241 1.551456
2.343750 -8.485758 2.075150
2.375000 -8.420909 2.592540
2.406250 -8.339892 3.102643
2.437500 -8.242935 3.604495
2.468750 -8.130294 4.097151
2.500000 -8.002258 4.579687
2.531250 -7.859143 5.051205
2.562500 -7.701293 5.510831
2.593750 -7.529079 5.957719
2.625000 -7.342901 6.391051
2.656250 -7.143180 6.810038
2.687500 -6.930367 7.213924
2.718750 -6.704931 7.601985
2.750000 -6.467369 7.973531
2.781250 -6.218197 8.327907
2.812500 -5.957949 8.664495
2.843750 -5.687184 8.982714
2.875000 -5.406474 9.282021
2.906250 -5.116411 9.561913
2.937500 -4.817601 9.821926
2.968750 -4.510666 10.061639
3.000000 -4.196240 10.280671
3.031250 -3.874969 10.478682
3.062500 -3.547510 10.655375
3.093750 -3.214530 10.810499
3.125000 -2.876702 10.943841
3.156250 -2.534707 11.055236
3.187500 -2.189230 11.144560
3.218750 -1.840963 11.211733
3.250000 -1.490596 11.256720
3.281250 -1.138824 11.279528
3.312500 -0.786338 11.280207
3.343750 -0.433832 11.258852
3.375000 -0.081993 11.215599
3.406250 0.268495 11.150626
3.437500 0.616952 11.064154
3.468750 0.962706 10.956443
3.500000 1.305095 10.827796
3.531250 1.643464 10.678554
3.562500 1.977169 10.509097
3.593750 2.305578 10.319842
3.625000 2.628073 10.111244
3.656250 2.944049 9.883794
3.687500 3.252918 9.638017
3.718750 3.554106 9.374472
3.750000 3.847058 9.093750
3.781250 4.131238 8.796473
3.812500 4.406128 8.483293
3.843750 4.671231 8.154889
3.875000 4.926071 7.811969
3.906250 5.170195 7.455265
3.937500 5.403172 7.085533
3.968750 5.624595 6.703550
4.000000 5.834081 6.310115
4.031250 6.031272 5.906047
4.062500 6.215836 5.492180
4.093750 6.387467 5.069364
4.125000 6.545884 4.638464
4.156250 6.690836 4.200356
4.187500 6.822097 3.755926
4.218750 6.939470 3.306070
4.250000 7.042785 2.851691
4.281250 7.131900 2.393693
4.312500 7.206703 1.932989
4.343750 7.267109 1.470489
4.375000 7.313062 1.007104
4.406250 7.344534 0.543743
4.437500 7.361526 0.081312
4.468750 7.364067 -0.379292
4.500000 7.352214 -0.837176
4.531250 7.326052 -1.291457
4.562500 7.285694 -1.741263
4.593750 7.231280 -2.185736
4.625000 7.162975 -2.624030
4.656250 7.080974 -3.055316
4.687500 6.985496 -3.478781
4.718750 6.876784 -3.893632
4.750000 6.755108 -4.299096
4.781250 6.620761 -4.694421
4.812500 6.474060 -5.078878
4.843750 6.315345 -5.451764
4.875000 6.144978 -5.812400
4.906250 5.963340 -6.160133
4.937500 5.770836 -6.494341
4.968750 5.567888 -6.814429
5.000000 5.354937 -7.119832
5.031250 5.132442 -7.410016
5.062500 4.900879 -7.684481
5.093750 4.660739 -7.942758
5.125000 4.412528 -8.184412
5.156250 4.156765 -8.409043
5.187500 3.893983 -8.616284
5.218750 3.624724 -8.805806
5.250000 3.349542 -8.977315
5.281250 3.069001 -9.130553
5.312500 2.783671 -9.265300
5.343750 2.494131 -9.381371
5.375000 2.200963 -9.478621
5.406250 1.904756 -9.556940
5.437500 1.606102 -9.616256
5.468750 1.305594 -9.656536
5.500000 1.003827 -9.677782
5.531250 0.701396 -9.680035
5.562500 0.398895 -9.663372
5.593750 0.096915 -9.627907
5.625000 -0.203957 -9.573790
5.656250 -0.503138 -9.501206
5.687500 -0.800051 -9.410378
5.718750 -1.094125 -9.301560
5.750000 -1.384799 -9.175042
5.781250 -1.671519 -9.031148
5.812500 -1.953742 -8.870233
5.843750 -2.230937 -8.692686
5.875000 -2.502584 -8.498923
5.906250 -2.768175 -8.289393
5.937500 -3.027219 -8.064573
5.968750 -3.279236 -7.824969
6.000000 -3.523767 -7.571110
6.031250 -3.760364 -7.303555
6.062500 -3.988600 -7.022885
6.093750 -4.208065 -6.729705
6.125000 -4.418368 -6.424640
6.156250 -4.619138 -6.108338
6.187500 -4.810024 -5.781465
6.218750 -4.990695 -5.444704
6.250000 -5.160842 -5.098756
6.281250 -5.320178 -4.744337
6.312500 -5.468438 -4.382173
6.343750 -5.605381 -4.013007
6.375000 -5.730788 -3.637590
6.406250 -5.844463 -3.256681
6.437500 -5.946234 -2.871047
6.468750 -6.035954 -2.481464
6.500000 -6.113500 -2.088707
6.531250 -6.178772 -1.693559
6.562500 -6.231696 -1.296801
6.593750 -6.272221 -0.899215
6.625000 -6.300321 -0.501581
6.656250 -6.315996 -0.104676
6.687500 -6.319267 0.290728
6.718750 -6.310181 0.683865
6.750000 -6.288811 1.073977
6.781250 -6.255249 1.460315
6.812500 -6.209614 1.842141
6.843750 -6.152047 2.218729
6.875000 -6.082712 2.589365
6.906250 -6.001794 2.953351
6.937500 -5.909502 3.310004
6.968750 -5.806064 3.658661
7.000000 -5.691731 3.998673
7.031250 -5.566773 4.329415
7.062500 -5.431479 4.650279
7.093750 -5.286157 4.960682
7.125000 -5.131136 5.260063
7.156250 -4.966759 5.547883
7.187500 -4.793388 5.823631
7.218750 -4.611399 6.086821
7.250000 -4.421186 6.336990
7.281250 -4.223155 6.573708
7.312500 -4.017727 6.796570
7.343750 -3.805334 7.005199
7.375000 -3.586421 7.199250
7.406250 -3.361445 7.378406
7.437500 -3.130870 7.542381
7.468750 -2.895170 7.690921
7.500000 -2.654829 7.823801
7.531250 -2.410335 7.940829
7.562500 -2.162184 8.041845
7.593750 -1.910877 8.126719
7.625000 -1.656917 8.195357
7.656250 -1.400812 8.247694
7.687500 -1.143071 8.283696
7.718750 -0.884206 8.303365
7.750000 -0.624726 8.306732
7.781250 -0.365140 8.293860
7.812500 -0.105957 8.264845
7.843750 0.152319 8.219812
7.875000 0.409188 8.158918
7.906250 0.664155 8.082351
7.937500 0.916728 7.990326
7.968750 1.166426 7.883091
8.000000 1.412772 7.760920
8.031250 1.655301 7.624116
8.062500 1.893555 7.473009
8.093750 2.127086 7.307956
8.125000 2.355460 7.129338
8.156250 2.578252 6.937564
8.187500 2.795051 6.733063
8.218750 3.005459 6.516291
8.250000 3.209093 6.287723
8.281250 3.405584 6.047856
8.312500 3.594580 5.797208
8.343750 3.775742 5.536314
8.375000 3.948752 5.265728
8.406250 4.113306 4.986021
8.437500 4.269119 4.697776
8.468750 4.415925 4.401595
8.500000 4.553475 4.098090
8.531250 4.681540 3.787885
8.562500 4.799911 3.471614
8.593750 4.908399 3.149922
8.625000 5.006834 2.823460
8.656250 5.095068 2.492886
8.687500 5.172970 2.158864
8.718750 5.240435 1.822061
8.750000 5.297374 1.483146
8.781250 5.343723 1.142790
8.812500 5.379435 0.801665
8.843750 5.404487 0.460440
8.875000 5.418875 0.119782
8.906250 5.422619 -0.219647
8.937500 5.415755 -0.557188
8.968750 5.398343 -0.892190
9.000000 5.370462 -1.224010
9.031250 5.332211 -1.552014
9.062500 5.283711 -1.875577
9.093750 5.225099 -2.194087
9.125000 5.156534 -2.506942
9.156250 5.078192 -2.813557
9.187500 4.990268 -3.113359
9.218750 4.892976 -3.405793
9.250000 4.786545 -3.690317
9.281250 4.671222 -3.966412
9.312500 4.547272 -4.233573
9.343750 4.414973 -4.491318
9.375000 4.274619 -4.739183
9.406250 4.126520 -4.976727
9.437500 3.970997 -5.203530
9.468750 3.808387 -5.419195
9.500000 3.639037 -5.623349
9.531250 3.463307 -5.815643
9.562500 3.281568 -5.995752
9.593750 3.094201 -6.163377
9.625000 2.901596 -6.318243
9.656250 2.704150 -6.460104
9.687500 2.502272 -6.588738
9.718750 2.296374 -6.703950
9.750000 2.086876 -6.805574
9.781250 1.874202 -6.893469
9.812500 1.658781 -6.967522
9.843750 1.441046 -7.027649
9.875000 1.221432 -7.073791
9.906250 1.000376 -7.105920
9.937500 0.778316 -7.124031
9.968750 0.555690 -7.128151
10.000000 0.332935 -7.118330
10.031250 0.110487 -7.094649
10.062500 -0.111221 -7.057213
10.093750 -0.331759 -7.006154
10.125000 -0.550701 -6.941631
10.156250 -0.767627 -6.863827
10.187500 -0.982121 -6.772951
10.218750 -1.193776 -6.669238
10.250000 -1.402190 -6.552944
10.281250 -1.606969 -6.424351
10.312500 -1.807730 -6.283763
10.343750 -2.004098 -6.131507
10.375000 -2.195708 -5.967929
10.406250 -2.382205 -5.793397
10.437500 -2.563249 -5.608301
10.468750 -2.738508 -5.413046
10.500000 -2.907666 -5.208058
10.531250 -3.070418 -4.993778
10.562500 -3.226473 -4.770666
10.593750 -3.375557 -4.539195
10.625000 -3.517407 -4.299852
10.656250 -3.651777 -4.053140
10.687500 -3.778438 -3.799572
10.718750 -3.897174 -3.539672
10.750000 -4.007789 -3.273976
10.781250 -4.110101 -3.003027
10.812500 -4.203945 -2.727377
10.843750 -4.289176 -2.447584
10.875000 -4.365663 -2.164213
10.906250 -4.433294 -1.877833
10.937500 -4.491977 -1.589016
10.968750 -4.541634 -1.298336
11.000000 -4.582206 -1.006369
11.031250 -4.613656 -0.713691
11.062500 -4.635958 -0.420877
11.093750 -4.649111 -0.128499
11.125000 -4.653126 0.162873
11.156250 -4.648037 0.452676
11.187500 -4.633890 0.740349
11.218750 -4.610755 1.025340
11.250000 -4.578713 1.307103
11.281250 -4.537866 1.585104
11.312500 -4.488331 1.858813
11.343750 -4.430243 2.127716
11.375000 -4.363752 2.391308
11.406250 -4.289024 2.649097
11.437500 -4.206240 2.900604
11.468750 -4.115596 3.145366
11.500000 -4.017303 3.382932
11.531250 -3.911586 3.612870
11.562500 -3.798684 3.834764
11.593750 -3.678848 4.048214
11.625000 -3.552341 4.252841
11.656250 -3.419440 4.448282
11.687500 -3.280431 4.634195
11.718750 -3.135612 4.810258
11.750000 -2.985292 4.976170
11.781250 -2.829787 5.131650
11.812500 -2.669422 5.276438
11.843750 -2.504534 5.410300
11.875000 -2.335462 5.533019
11.906250 -2.162555 5.644404
11.937500 -1.986167 5.744286
11.968750 -1.806659 5.832519
12.000000 -1.624392 5.908982
12.031250 -1.439737 5.973576
12.062500 -1.253062 6.026224
12.093750 -1.064743 6.066877
12.125000 -0.875153 6.095505
12.156250 -0.684668 6.112106
12.187500 -0.493665 6.116697
12.218750 -0.302518 6.109321
12.250000 -0.111602 6.090046
12.281250 0.078712 6.058958
12.312500 0.268054 6.016170
12.343750 0.456060 5.961815
12.375000 0.642366 5.896050
12.406250 0.826618 5.819052
12.437500 1.008463 5.731019
12.468750 1.187558 5.632172
12.500000 1.363563 5.522748
12.531250 1.536149 5.403008
12.562500 1.704993 5.273230
12.593750 1.869781 5.133710
12.625000 2.030210 4.984763
12.656250 2.185984 4.826721
12.687500 2.336819 4.659930
12.718750 2.482441 4.484754
12.750000 2.622590 4.301572
12.781250 2.757014 4.110775
12.812500 2.885476 3.912769
12.843750 3.007750 3.707972
12.875000 3.123624 3.496813
12.906250 3.232899 3.279731
12.937500 3.335391 3.057177
12.968750 3.430928 2.829607
13.000000 3.519353 2.597489
13.031250 3.600525 2.361296
13.062500 3.674315 2.121505
13.093750 3.740612 1.878601
13.125000 3.799318 1.633071
13.156250 3.850352 1.385407
13.187500 3.893646 1.136101
13.218750 3.929149 0.885648
13.250000 3.956825 0.634541
13.281250 3.976655 0.383273
13.312500 3.988632 0.132337
13.343750 3.992768 -0.117780
13.375000 3.989087 -0.366592
13.406250 3.977631 -0.613618
13.437500 3.958455 -0.858385
13.468750 3.931631 -1.100424
13.500000 3.897243 -1.339273
13.531250 3.855390 -1.574480
13.562500 3.806188 -1.805602
13.593750 3.749763 -2.032203
13.625000 3.686256 -2.253862
13.656250 3.615823 -2.470167
13.687500 3.538631 -2.680717
13.718750 3.454858 -2.885127
13.750000 3.364698 -3.083024
13.781250 3.268353 -3.274048
13.812500 3.166039 -3.457858
13.843750 3.057981 -3.634124
13.875000 2.944415 -3.802534
13.906250 2.825586 -3.962794
13.937500 2.701749 -4.114626
13.968750 2.573166 -4.257769
14.000000 2.440111 -4.391981
14.031250 2.302862 -4.517038
14.062500 2.161704 -4.632735
14.093750 2.016931 -4.738887
14.125000 1.868841 -4.835327
14.156250 1.717737 -4.921909
14.187500 1.563928 -4.998506
14.218750 1.407724 -5.065010
14.250000 1.249443 -5.121337
14.281250 1.089401 -5.167419
14.312500 0.927919 -5.203210
14.343750 0.765319 -5.228685
14.375000 0.601922 -5.243838
14.406250 0.438052 -5.248684
14.437500 0.274031 -5.243258
14.468750 0.110179 -5.227615
14.500000 -0.053184 -5.201828
14.531250 -0.215741 -5.165993
14.562500 -0.377178 -5.120222
14.593750 -0.537185 -5.064646
14.625000 -0.695455 -4.999418
14.656250 -0.851687 -4.924706
14.687500 -1.005584 -4.840696
14.718750 -1.156856 -4.747593
14.750000 -1.305218 -4.645617
14.781250 -1.450394 -4.535006
14.812500 -1.592113 -4.416012
14.843750 -1.730113 -4.288905
14.875000 -1.864141 -4.153967
14.906250 -1.993953 -4.011496
14.937500 -2.119312 -3.861802
14.968750 -2.239993 -3.705209
15.000000 -2.355781 -3.542052
15.031250 -2.466470 -3.372678
15.062500 -2.571866 -3.197444
15.093750 -2.671787 -3.016719
15.125000 -2.766059 -2.830877
15.156250 -2.854524 -2.640306
15.187500 -2.937034 -2.445396
15.218750 -3.013452 -2.246548
15.250000 -3.083657 -2.044166
15.281250 -3.147537 -1.838661
15.312500 -3.204995 -1.630449
15.343750 -3.255947 -1.419946
15.375000 -3.300320 -1.207575
15.406250 -3.338057 -0.993758
15.437500 -3.369112 -0.778918
15.468750 -3.393453 -0.563480
15.500000 -3.411062 -0.347868
15.531250 -3.421932 -0.132502
15.562500 -3.426073 0.082197
15.593750 -3.423504 0.295812
15.625000 -3.414260 0.507933
15.656250 -3.398387 0.718149
15.687500 -3.375945 0.926060
15.718750 -3.347006 1.131269
15.750000 -3.311654 1.333386
15.781250 -3.269985 1.532031
15.812500 -3.222109 1.726830
15.843750 -3.168146 1.917419
15.875000 -3.108227 2.103444
15.906250 -3.042494 2.284562
15.937500 -2.971101 2.460439
15.968750 -2.894213 2.630755
16.000000 -2.812002 2.795201
16.031250 -2.724652 2.953482
16.062500 -2.632355 3.105313
16.093750 -2.535314 3.250427
16.125000 -2.433738 3.388569
16.156250 -2.327846 3.519499
16.187500 -2.217861 3.642993
16.218750 -2.104018 3.758840
16.250000 -1.986554 3.866849
16.281250 -1.865715 3.966840
16.312500 -1.741751 4.058655
16.343750 -1.614918 4.142148
16.375000 -1.485476 4.217192
16.406250 -1.353689 4.283676
16.437500 -1.219824 4.341509
16.468750 -1.084152 4.390614
16.500000 -0.946945 4.430932
16.531250 -0.808479 4.462423
16.562500 -0.669028 4.485062
16.593750 -0.528870 4.498845
16.625000 -0.388281 4.503781
16.656250 -0.247538 4.499900
16.687500 -0.106916 4.487247
16.718750 0.033311 4.465884
16.750000 0.172870 4.435890
16.781250 0.311491 4.397362
16.812500 0.448909 4.350410
16.843750 0.584859 4.295163
16.875000 0.719083 4.231765
16.906250 0.851326 4.160373
16.937500 0.981337 4.081163
16.968750 1.108874 3.994322
17.000000 1.233696 3.900053
17.031250 1.355573 3.798572
17.062500 1.474278 3.690108
17.093750 1.589594 3.574902
17.125000 1.701310 3.453209
17.156250 1.809223 3.325295
17.187500 1.913138 3.191435
17.218750 2.012870 3.051918
17.250000 2.108243 2.907039
17.281250 2.199088 2.757105
17.312500 2.285247 2.602430
17.343750 2.366573 2.443337
17.375000 2.442927 2.280155
17.406250 2.514182 2.113221
17.437500 2.580220 1.942877
17.468750 2.640935 1.769470
17.500000 2.696231 1.593353
17.531250 2.746024 1.414880
17.562500 2.790239 1.234410
17.593750 2.828814 1.052305
17.625000 2.861698 0.868927
17.656250 2.888852 0.684641
17.687500 2.910247 0.499808
17.718750 2.925866 0.314794
17.750000 2.935704 0.129960
17.781250 2.939765 -0.054334
17.812500 2.938067 -0.237730
17.843750 2.930638 -0.419873
17.875000 2.917517 -0.600414
17.906250 2.898754 -0.779006
17.937500 2.874410 -0.955309
17.968750 2.844557 -1.128989
18.000000 2.809276 -1.299718
18.031250 2.768660 -1.467174
18.062500 2.722810 -1.631046
18.093750 2.671840 -1.791027
18.125000 2.615871 -1.946823
18.156250 2.555032 -2.098148
18.187500 2.489465 -2.244724
18.218750 2.419318 -2.386286
18.250000 2.344746 -2.522579
18.281250 2.265916 -2.653359
18.312500 2.182998 -2.778396
18.343750 2.096173 -2.897468
18.375000 2.005627 -3.010370
18.406250 1.911553 -3.116907
18.437500 1.814150 -3.216898
18.468750 1.713622 -3.310177
18.500000 1.610179 -3.396590
18.531250 1.504036 -3.475997
18.562500 1.395411 -3.548274
18.593750 1.284527 -3.613311
18.625000 1.171611 -3.671011
18.656250 1.056892 -3.721292
18.687500 0.940602 -3.764090
18.718750 0.822974 -3.799352
18.750000 0.704244 -3.827042
18.781250 0.584649 -3.847138
18.812500 0.464426 -3.859634
18.843750 0.343812 -3.864538
18.875000 0.223046 -3.861873
18.906250 0.102362 -3.851677
18.937500 -0.018003 -3.834001
18.968750 -0.137815 -3.808914
19.000000 -0.256844 -3.776494
19.031250 -0.374859 -3.736839
19.062500 -0.491636 -3.690055
19.093750 -0.606950 -3.636265
19.125000 -0.720583 -3.575604
19.156250 -0.832321 -3.508220
19.187500 -0.941953 -3.434273
19.218750 -1.049274 -3.353937
19.250000 -1.154084 -3.267395
19.281250 -1.256190 -3.174844
19.312500 -1.355404 -3.076489
19.343750 -1.451544 -2.972548
19.375000 -1.544437 -2.863248
19.406250 -1.633913 -2.748826
19.437500 -1.719814 -2.629526
19.468750 -1.801987 -2.505603
19.500000 -1.880287 -2.377319
19.531250 -1.954578 -2.244943
19.562500 -2.024732 -2.108751
19.593750 -2.090631 -1.969025
19.625000 -2.152163 -1.826054
19.656250 -2.209227 -1.680131
19.687500 -2.261731 -1.531554
19.718750 -2.309592 -1.380624
19.750000 -2.352737 -1.227645
19.781250 -2.391101 -1.072926
19.812500 -2.424630 -0.916777
19.843750 -2.453279 -0.759508
19.875000 -2.477013 -0.601431
19.906250 -2.495808 -0.442858
19.937500 -2.509647 -0.284103
19.968750 -2.518526 -0.125474
20.000000 -2.522447 0.032718
20.031250 -2.521424 0.190167
20.062500 -2.515482 0.346567
20.093750 -2.504651 0.501619
20.125000 -2.488976 0.655024
20.156250 -2.468506 0.806491
20.187500 -2.443303 0.955732
20.218750 -2.413437 1.102465
20.250000 -2.378985 1.246415
20.281250 -2.340034 1.387311
20.312500 -2.296681 1.524893
20.343750 -2.249028 1.658905
20.375000 -2.197187 1.789101
20.406250 -2.141278 1.915243
20.437500 -2.081426 2.037103
20.468750 -2.017767 2.154460
20.500000 -1.950440 2.267105
20.531250 -1.879593 2.374838
20.562500 -1.805379 2.477470
20.593750 -1.727958 2.574822
20.625000 -1.647495 2.666727
20.656250 -1.564160 2.753028
20.687500 -1.478128 2.833582
20.718750 -1.389578 2.908255
20.750000 -1.298695 2.976927
20.781250 -1.205666 3.039490
20.812500 -1.110682 3.095847
20.843750 -1.013937 3.145916
20.875000 -0.915627 3.189625
20.906250 -0.815952 3.226916
20.937500 -0.715110 3.257745
20.968750 -0.613306 3.282078
21.000000 -0.510741 3.299897
21.031250 -0.407619 3.311194
21.062500 -0.304144 3.315975
21.093750 -0.200520 3.314259
21.125000 -0.096950 3.306078
21.156250 0.006365 3.291474
21.187500 0.109224 3.270505
21.218750 0.211427 3.243237
21.250000 0.312778 3.209753
21.281250 0.413083 3.170143
21.312500 0.512150 3.124512
21.343750 0.609791 3.072975
21.375000 0.705822 3.015657
21.406250 0.800061 2.952695
21.437500 0.892333 2.884237
21.468750 0.982465 2.810440
21.500000 1.070291 2.731470
21.531250 1.155650 2.647505
21.562500 1.238384 2.558730
21.593750 1.318345 2.465339
21.625000 1.395386 2.367534
21.656250 1.469372 2.265526
21.687500 1.540170 2.159530
21.718750 1.607655 2.049773
21.750000 1.671710 1.936483
21.781250 1.732225 1.819898
21.812500 1.789097 1.700260
21.843750 1.842230 1.577815
21.875000 1.891537 1.452814
21.906250 1.936937 1.325513
21.937500 1.978360 1.196170
21.968750 2.015740 1.065046
22.000000 2.049023 0.932406
22.031250 2.078160 0.798514
22.062500 2.103114 0.663639
22.093750 2.123853 0.528046
22.125000 2.140354 0.392005
22.156250 2.152604 0.255783
22.187500 2.160598 0.119647
22.218750 2.164336 -0.016138
22.250000 2.163832 -0.151309
22.281250 2.159104 -0.285602
22.312500 2.150179 -0.418761
22.343750 2.137092 -0.550530
22.375000 2.119888 -0.680658
22.406250 2.098618 -0.808897
22.437500 2.073340 -0.935005
22.468750 2.044121 -1.058745
22.500000 2.011035 -1.179885
22.531250 1.974164 -1.298200
22.562500 1.933595 -1.413472
22.593750 1.889424 -1.525487
22.625000 1.841752 -1.634042
22.656250 1.790689 -1.738939
22.687500 1.736347 -1.839989
22.718750 1.678847 -1.937010
22.750000 1.618316 -2.029832
22.781250 1.554883 -2.118290
22.812500 1.488687 -2.202231
22.843750 1.419867 -2.281510
22.875000 1.348570 -2.355992
22.906250 1.274945 -2.425553
22.937500 1.199147 -2.490077
22.968750 1.121332 -2.549461
23.000000 1.041661 -2.603610
23.031250 0.960298 -2.652441
23.062500 0.877409 -2.695882
23.093750 0.793163 -2.733871
23.125000 0.707730 -2.766357
23.156250 0.621281 -2.793300
23.187500 0.533990 -2.814672
23.218750 0.446032 -2.830455
23.250000 0.357580 -2.840642
23.281250 0.268810 -2.845236
23.312500 0.179896 -2.844254
23.343750 0.091013 -2.837721
23.375000 0.002335 -2.825674
23.406250 -0.085968 -2.808159
23.437500 -0.173723 -2.785235
23.468750 -0.260761 -2.756970
23.500000 -0.346917 -2.723441
23.531250 -0.432024 -2.684737
23.562500 -0.515922 -2.640956
23.593750 -0.598452 -2.592205
23.625000 -0.679458 -2.538601
23.656250 -0.758790 -2.480268
23.687500 -0.836298 -2.417342
23.718750 -0.911840 -2.349965
23.750000 -0.985276 -2.278288
23.781250 -1.056473 -2.202469
23.812500 -1.125300 -2.122674
23.843750 -1.191634 -2.039076
23.875000 -1.255355 -1.951855
23.906250 -1.316350 -1.861196
23.937500 -1.374513 -1.767291
23.968750 -1.429741 -1.670339
24.000000 -1.481939 -1.570540
24.031250 -1.531018 -1.468103
24.062500 -1.576896 -1.363239
24.093750 -1.619497 -1.256163
24.125000 -1.658753 -1.147093
24.156250 -1.694599 -1.036252
24.187500 -1.726982 -0.923863
24.218750 -1.755853 -0.810152
24.250000 -1.781170 -0.695348
24.281250 -1.802900 -0.579679
24.312500 -1.821015 -0.463375
24.343750 -1.835495 -0.346665
24.375000 -1.846328 -0.229780
24.406250 -1.853509 -0.112949
24.437500 -1.857039 0.003602
24.468750 -1.856926 0.119644
24.500000 -1.853187 0.234954
24.531250 -1.845845 0.349310
24.562500 -1.834929 0.462492
24.593750 -1.820476 0.574285
24.625000 -1.802530 0.684475
24.656250 -1.781140 0.792855
24.687500 -1.756363 0.899221
24.718750 -1.728262 1.003374
24.750000 -1.696907 1.105119
24.781250 -1.662372 1.204269
24.812500 -1.624739 1.300640
24.843750 -1.584094 1.394057
24.875000 -1.540529 1.484350
24.906250 -1.494143 1.571356
24.937500 -1.445039 1.654919
24.968750 -1.393322 1.734891
25.000000 -1.339107 1.811131
25.031250 -1.282509 1.883505
25.062500 -1.223650 1.951890
25.093750 -1.162653 2.016169
25.125000 -1.099648 2.076234
25.156250 -1.034765 2.131985
25.187500 -0.968141 2.183333
25.218750 -0.899912 2.230196
25.250000 -0.830218 2.272502
25.281250 -0.759202 2.310187
25.312500 -0.687009 2.343199
25.343750 -0.613784 2.371492
25.375000 -0.539675 2.395032
25.406250 -0.464830 2.413792
25.437500 -0.389399 2.427758
25.468750 -0.313532 2.436922
25.500000 -0.237378 2.441287
25.531250 -0.161088 2.440865
25.562500 -0.084811 2.435678
25.593750 -0.008696 2.425755
25.625000 0.067109 2.411138
25.656250 0.142457 2.391874
25.687500 0.217203 2.368021
25.718750 0.291204 2.339646
25.750000 0.364318 2.306823
25.781250 0.436406 2.269635
25.812500 0.507332 2.228175
25.843750 0.576962 2.182540
25.875000 0.645167 2.132839
25.906250 0.711818 2.079186
25.937500 0.776793 2.021703
25.968750 0.839971 1.960517
26.000000 0.901237 1.895766
26.031250 0.960480 1.827590
26.062500 1.017592 1.756138
26.093750 1.072471 1.681562
26.125000 1.125020 1.604023
26.156250 1.175146 1.523684
26.187500 1.222761 1.440715
26.218750 1.267783 1.355288
26.250000 1.310136 1.267581
26.281250 1.349748 1.177775
26.312500 1.386553 1.086054
26.343750 1.420492 0.992607
26.375000 1.451511 0.897622
26.406250 1.479562 0.801293
26.437500 1.504603 0.703812
26.468750 1.526597 0.605376
26.500000 1.545515 0.506180
26.531250 1.561333 0.406421
26.562500 1.574033 0.306298
26.593750 1.583605 0.206007
26.625000 1.590043 0.105744
26.656250 1.593347 0.005705
26.687500 1.593526 -0.093915
26.718750 1.590591 -0.192923
26.750000 1.584562 -0.291129
26.781250 1.575464 -0.388345
26.812500 1.563328 -0.484384
26.843750 1.548191 -0.579065
26.875000 1.530096 -0.672208
26.906250 1.509089 -0.763637
26.937500 1.485226 -0.853183
26.968750 1.458564 -0.940677
27.000000 1.429167 -1.025958
27.031250 1.397106 -1.108869
27.062500 1.362454 -1.189257
27.093750 1.325290 -1.266978
27.125000 1.285697 -1.341890
27.156250 1.243763 -1.413859
27.187500 1.199580 -1.482758
27.218750 1.153243 -1.548464
27.250000 1.104854 -1.610864
27.281250 1.054514 -1.669849
27.312500 1.002332 -1.725320
27.343750 0.948415 -1.777183
27.375000 0.892878 -1.825351
27.406250 0.835836 -1.869748
27.437500 0.777407 -1.910301
27.468750 0.717710 -1.946950
27.500000 0.656867 -1.979638
27.531250 0.595004 -2.008320
27.562500 0.532244 -2.032956
27.593750 0.468714 -2.053515
27.625000 0.404542 -2.069975
27.656250 0.339855 -2.082321
27.687500 0.274782 -2.090548
27.718750 0.209453 -2.094656
27.750000 0.143995 -2.094655
27.781250 0.078537 -2.090563
27.812500 0.013207 -2.082406
27.843750 -0.051869 -2.070216
27.875000 -0.116563 -2.054035
27.906250 -0.180751 -2.033912
27.937500 -0.244311 -2.009904
27.968750 -0.307121 -1.982072
28.000000 -0.369060 -1.950489
28.031250 -0.430013 -1.915232
28.062500 -0.489864 -1.876386
28.093750 -0.548501 -1.834042
28.125000 -0.605815 -1.788298
28.156250 -0.661699 -1.739258
28.187500 -0.716051 -1.687031
28.218750 -0.768771 -1.631734
28.250000 -0.819763 -1.573488
28.281250 -0.868934 -1.512418
28.312500 -0.916197 -1.448657
28.343750 -0.961468 -1.382341
28.375000 -1.004666 -1.313610
28.406250 -1.045716 -1.242608
28.437500 -1.084548 -1.169484
28.468750 -1.121094 -1.094391
28.500000 -1.155294 -1.017482
28.531250 -1.187090 -0.938917
28.562500 -1.216431 -0.858856
28.593750 -1.243271 -0.777461
28.625000 -1.267566 -0.694898
28.656250 -1.289282 -0.611332
28.687500 -1.308386 -0.526931
28.718750 -1.324852 -0.441863
28.750000 -1.338661 -0.356298
28.781250 -1.349795 -0.270405
28.812500 -1.358245 -0.184353
28.843750 -1.364006 -0.098310
28.875000 -1.367078 -0.012446
28.906250 -1.367467 0.073075
28.937500 -1.365184 0.158085
28.968750 -1.360244 0.242421
29.000000 -1.352668 0.325921
29.031250 -1.342483 0.408425
29.062500 -1.329720 0.489778
29.093750 -1.314414 0.569824
29.125000 -1.296607 0.648414
29.156250 -1.276344 0.725399
29.187500 -1.253675 0.800637
29.218750 -1.228656 0.873988
29.250000 -1.201343 0.945316
29.281250 -1.171802 1.014492
29.312500 -1.140099 1.081389
29.343750 -1.106306 1.145887
29.375000 -1.070497 1.207869
29.406250 -1.032751 1.267226
29.437500 -0.993150 1.323853
29.468750 -0.951780 1.377650
29.500000 -0.908728 1.428526
29.531250 -0.864087 1.476394
29.562500 -0.817950 1.521171
29.593750 -0.770413 1.562786
29.625000 -0.721576 1.601169
29.656250 -0.671539 1.636261
29.687500 -0.620406 1.668005
29.718750 -0.568281 1.696356
29.750000 -0.515270 1.721271
29.781250 -0.461480 1.742717
29.812500 -0.407020 1.760668
29.843750 -0.351999 1.775102
29.875000 -0.296528 1.786008
29.906250 -0.240715 1.793378
29.937500 -0.184672 1.797215
29.968750 -0.128509 1.797524
30.000000 -0.072336 1.794321
