0.000000 10.000000 0.000000
0.015625 10.000000 -0.312500
0.031250 9.995117 -0.624023
0.046875 9.985367 -0.934421
0.062500 9.970766 -1.243543
0.078125 9.951336 -1.551244
0.093750 9.927098 -1.857375
0.109375 9.898076 -2.161793
0.125000 9.864298 -2.464352
0.140625 9.825793 -2.764910
0.156250 9.782591 -3.063326
0.171875 9.734727 -3.359459
0.187500 9.682235 -3.653171
0.203125 9.625154 -3.944325
0.218750 9.563524 -4.232785
0.234375 9.497387 -4.518418
0.250000 9.426787 -4.801091
0.265625 9.351770 -5.080675
0.281250 9.272384 -5.357040
0.296875 9.188680 -5.630061
0.312500 9.100711 -5.899614
0.328125 9.008529 -6.165575
0.343750 8.912192 -6.427824
0.359375 8.811757 -6.686243
0.375000 8.707285 -6.940716
0.390625 8.598836 -7.191129
0.406250 8.486475 -7.437370
0.421875 8.370266 -7.679331
0.437500 8.250276 -7.916904
0.453125 8.126575 -8.149984
0.468750 7.999231 -8.378471
0.484375 7.868318 -8.602264
0.500000 7.733907 -8.821267
0.515625 7.596075 -9.035385
0.531250 7.454897 -9.244527
0.546875 7.310451 -9.448603
0.562500 7.162817 -9.647528
0.578125 7.012074 -9.841218
0.593750 6.858305 -10.029591
0.609375 6.701593 -10.212571
0.625000 6.542021 -10.390081
0.640625 6.379676 -10.562050
0.656250 6.214644 -10.728409
0.671875 6.047013 -10.889090
0.687500 5.876871 -11.044031
0.703125 5.704308 -11.193171
0.718750 5.529415 -11.336452
0.734375 5.352283 -11.473819
0.750000 5.173004 -11.605223
0.765625 4.991673 -11.730613
0.781250 4.808382 -11.849944
0.796875 4.623226 -11.963175
0.812500 4.436302 -12.070266
0.828125 4.247704 -12.171181
0.843750 4.057529 -12.265887
0.859375 3.865875 -12.354354
0.875000 3.672838 -12.436555
0.890625 3.478517 -12.512467
0.906250 3.283009 -12.582069
0.921875 3.086415 -12.645344
0.937500 2.888831 -12.702278
0.953125 2.690358 -12.752859
0.968750 2.491095 -12.797080
0.984375 2.291140 -12.834936
1.000000 2.090594 -12.866425
1.015625 1.889556 -12.891548
1.031250 1.688126 -12.910311
1.046875 1.486402 -12.922720
1.062500 1.284485 -12.928787
1.078125 1.082473 -12.928524
1.093750 0.880464 -12.921950
1.109375 0.678559 -12.909083
1.125000 0.476855 -12.889948
1.140625 0.275449 -12.864568
1.156250 0.074440 -12.832974
1.171875 -0.126075 -12.795197
1.187500 -0.326000 -12.751273
1.203125 -0.525239 -12.701237
1.218750 -0.723695 -12.645132
1.234375 -0.921276 -12.583001
1.250000 -1.117885 -12.514889
1.265625 -1.313430 -12.440846
1.281250 -1.507818 -12.360924
1.296875 -1.700958 -12.275177
1.312500 -1.892757 -12.183662
1.328125 -2.083127 -12.086439
1.343750 -2.271978 -11.983571
1.359375 -2.459221 -11.875123
1.375000 -2.644770 -11.761163
1.390625 -2.828538 -11.641760
1.406250 -3.010441 -11.516988
1.421875 -3.190393 -11.386921
1.437500 -3.368314 -11.251637
1.453125 -3.544121 -11.111216
1.468750 -3.717734 -10.965740
1.484375 -3.889073 -10.815292
1.500000 -4.058062 -10.659961
1.515625 -4.224624 -10.499834
1.531250 -4.388684 -10.335003
1.546875 -4.550169 -10.165560
1.562500 -4.709005 -9.991599
1.578125 -4.865124 -9.813219
1.593750 -5.018456 -9.630518
1.609375 -5.168933 -9.443596
1.625000 -5.316489 -9.252555
1.640625 -5.461060 -9.057501
1.656250 -5.602583 -8.858538
1.671875 -5.740998 -8.655774
1.687500 -5.876244 -8.449319
1.703125 -6.008265 -8.239282
1.718750 -6.137004 -8.025776
1.734375 -6.262407 -7.808914
1.750000 -6.384421 -7.588811
1.765625 -6.502996 -7.365583
1.781250 -6.618083 -7.139347
1.796875 -6.729636 -6.910221
1.812500 -6.837608 -6.678326
1.828125 -6.941957 -6.443781
1.843750 -7.042641 -6.206708
1.859375 -7.139620 -5.967229
1.875000 -7.232858 -5.725468
1.890625 -7.322319 -5.481550
1.906250 -7.407968 -5.235597
1.921875 -7.489774 -4.987737
1.937500 -7.567708 -4.738095
1.953125 -7.641740 -4.486797
1.968750 -7.711847 -4.233972
1.984375 -7.778002 -3.979745
2.000000 -7.840186 -3.724246
2.015625 -7.898377 -3.467602
2.031250 -7.952559 -3.209942
2.046875 -8.002714 -2.951393
2.062500 -8.048829 -2.692085
2.078125 -8.090893 -2.432146
2.093750 -8.128896 -2.171706
2.109375 -8.162828 -1.910891
2.125000 -8.192686 -1.649831
2.140625 -8.218465 -1.388654
2.156250 -8.240162 -1.127487
2.171875 -8.257779 -0.866459
2.187500 -8.271318 -0.605696
2.203125 -8.280782 -0.345324
2.218750 -8.286178 -0.085471
2.234375 -8.287513 0.173740
2.250000 -8.284798 0.432181
2.265625 -8.278046 0.689731
2.281250 -8.267268 0.946264
2.296875 -8.252483 1.201659
2.312500 -8.233707 1.455794
2.328125 -8.210960 1.708548
2.343750 -8.184264 1.959802
2.359375 -8.153642 2.209436
2.375000 -8.119120 2.457332
2.390625 -8.080724 2.703376
2.406250 -8.038484 2.947450
2.421875 -7.992430 3.189442
2.437500 -7.942595 3.429239
2.453125 -7.889013 3.666728
2.468750 -7.831721 3.901801
2.484375 -7.770755 4.134350
2.500000 -7.706156 4.364266
2.515625 -7.637964 4.591445
2.531250 -7.566223 4.815783
2.546875 -7.490976 5.037178
2.562500 -7.412270 5.255530
2.578125 -7.330153 5.470740
2.593750 -7.244672 5.682711
2.609375 -7.155880 5.891349
2.625000 -7.063828 6.096559
2.640625 -6.968569 6.298252
2.656250 -6.870159 6.496338
2.671875 -6.768653 6.690729
2.687500 -6.664111 6.881341
2.703125 -6.556590 7.068090
2.718750 -6.446151 7.250896
2.734375 -6.332856 7.429679
2.750000 -6.216767 7.604363
2.765625 -6.097949 7.774874
2.781250 -5.976466 7.941138
2.796875 -5.852386 8.103087
2.812500 -5.725775 8.260651
2.828125 -5.596703 8.413767
2.843750 -5.465237 8.562371
2.859375 -5.331450 8.706403
2.875000 -5.195413 8.845803
2.890625 -5.057197 8.980516
2.906250 -4.916877 9.110490
2.921875 -4.774525 9.235672
2.937500 -4.630218 9.356014
2.953125 -4.484030 9.471471
2.968750 -4.336038 9.581999
2.984375 -4.186320 9.687556
3.000000 -4.034952 9.788105
3.015625 -3.882012 9.883609
3.031250 -3.727581 9.974036
3.046875 -3.571737 10.059354
3.062500 -3.414559 10.139535
3.078125 -3.256129 10.214554
3.093750 -3.096527 10.284388
3.109375 -2.935833 10.349016
3.125000 -2.774130 10.408420
3.140625 -2.611498 10.462585
3.156250 -2.448020 10.511499
3.171875 -2.283778 10.555151
3.187500 -2.118854 10.593534
3.203125 -1.953330 10.626643
3.218750 -1.787289 10.654477
3.234375 -1.620812 10.677034
3.250000 -1.453984 10.694319
3.265625 -1.286885 10.706336
3.281250 -1.119599 10.713094
3.296875 -0.952206 10.714603
3.312500 -0.784791 10.710876
3.328125 -0.617433 10.701930
3.343750 -0.450216 10.687781
3.359375 -0.283219 10.668451
3.375000 -0.116525 10.643962
3.390625 0.049787 10.614341
3.406250 0.215636 10.579616
3.421875 0.380943 10.539816
3.437500 0.545628 10.494974
3.453125 0.709612 10.445127
3.468750 0.872817 10.390310
3.484375 1.035165 10.330565
3.500000 1.196580 10.265933
3.515625 1.356986 10.196459
3.531250 1.516305 10.122189
3.546875 1.674464 10.043173
3.562500 1.831389 9.959461
3.578125 1.987006 9.871107
3.593750 2.141242 9.778166
3.609375 2.294025 9.680695
3.625000 2.445286 9.578755
3.640625 2.594954 9.472406
3.656250 2.742961 9.361712
3.671875 2.889237 9.246739
3.687500 3.033718 9.127555
3.703125 3.176336 9.004227
3.718750 3.317027 8.876829
3.734375 3.455727 8.745431
3.750000 3.592375 8.610111
3.765625 3.726908 8.470942
3.781250 3.859266 8.328005
3.796875 3.989391 8.181378
3.812500 4.117225 8.031142
3.828125 4.242712 7.877382
3.843750 4.365796 7.720180
3.859375 4.486424 7.559623
3.875000 4.604543 7.395799
3.890625 4.720102 7.228795
3.906250 4.833052 7.058702
3.921875 4.943344 6.885611
3.937500 5.050932 6.709614
3.953125 5.155770 6.530804
3.968750 5.257814 6.349278
3.984375 5.357021 6.165130
4.000000 5.453351 5.978457
4.015625 5.546765 5.789357
4.031250 5.637223 5.597929
4.046875 5.724691 5.404272
4.062500 5.809133 5.208487
4.078125 5.890515 5.010675
4.093750 5.968807 4.810938
4.109375 6.043978 4.609379
4.125000 6.115999 4.406100
4.140625 6.184845 4.201206
4.156250 6.250489 3.994801
4.171875 6.312907 3.786989
4.187500 6.372079 3.577877
4.203125 6.427983 3.367568
4.218750 6.480602 3.156170
4.234375 6.529917 2.943788
4.250000 6.575914 2.730529
4.265625 6.618578 2.516499
4.281250 6.657898 2.301804
4.296875 6.693864 2.086552
4.312500 6.726466 1.870848
4.328125 6.755698 1.654800
4.343750 6.781555 1.438513
4.359375 6.804031 1.222094
4.375000 6.823127 1.005649
4.390625 6.838840 0.789283
4.406250 6.851172 0.573103
4.421875 6.860127 0.357213
4.437500 6.865709 0.141718
4.453125 6.867923 -0.073278
4.468750 6.866778 -0.287672
4.484375 6.862283 -0.501360
4.500000 6.854449 -0.714239
4.515625 6.843289 -0.926209
4.531250 6.828817 -1.137167
4.546875 6.811049 -1.347014
4.562500 6.790002 -1.555650
4.578125 6.765695 -1.762976
4.593750 6.738148 -1.968895
4.609375 6.707384 -2.173309
4.625000 6.673427 -2.376123
4.640625 6.636300 -2.577243
4.656250 6.596030 -2.776573
4.671875 6.552646 -2.974022
4.687500 6.506177 -3.169499
4.703125 6.456654 -3.362912
4.718750 6.404108 -3.554173
4.734375 6.348574 -3.743195
4.750000 6.290087 -3.929890
4.765625 6.228682 -4.114175
4.781250 6.164398 -4.295964
4.796875 6.097274 -4.475177
4.812500 6.027349 -4.651732
4.828125 5.954666 -4.825550
4.843750 5.879267 -4.996553
4.859375 5.801196 -5.164666
4.875000 5.720498 -5.329814
4.890625 5.637219 -5.491924
4.906250 5.551408 -5.650925
4.921875 5.463112 -5.806747
4.937500 5.372382 -5.959323
4.953125 5.279267 -6.108587
4.968750 5.183821 -6.254475
4.984375 5.086095 -6.396924
5.000000 4.986143 -6.535874
5.015625 4.884020 -6.671266
5.031250 4.779781 -6.803044
5.046875 4.673484 -6.931153
5.062500 4.565184 -7.055540
5.078125 4.454941 -7.176153
5.093750 4.342814 -7.292944
5.109375 4.228862 -7.405867
5.125000 4.113145 -7.514876
5.140625 3.995725 -7.619927
5.156250 3.876664 -7.720981
5.171875 3.756024 -7.817999
5.187500 3.633867 -7.910944
5.203125 3.510259 -7.999780
5.218750 3.385262 -8.084477
5.234375 3.258942 -8.165002
5.250000 3.131364 -8.241328
5.265625 3.002593 -8.313429
5.281250 2.872696 -8.381281
5.296875 2.741739 -8.444861
5.312500 2.609788 -8.504150
5.328125 2.476910 -8.559131
5.343750 2.343174 -8.609787
5.359375 2.208646 -8.656105
5.375000 2.073394 -8.698075
5.390625 1.937487 -8.735687
5.406250 1.800992 -8.768935
5.421875 1.663977 -8.797813
5.437500 1.526511 -8.822319
5.453125 1.388663 -8.842453
5.468750 1.250499 -8.858216
5.484375 1.112090 -8.869612
5.500000 0.973502 -8.876647
5.515625 0.834804 -8.879330
5.531250 0.696065 -8.877669
5.546875 0.557351 -8.871679
5.562500 0.418731 -8.861372
5.578125 0.280272 -8.846765
5.593750 0.142042 -8.827878
5.609375 0.004106 -8.804729
5.625000 -0.133468 -8.777343
5.640625 -0.270614 -8.745743
5.656250 -0.407266 -8.709956
5.671875 -0.543359 -8.670010
5.687500 -0.678828 -8.625936
5.703125 -0.813608 -8.577767
5.718750 -0.947636 -8.525536
5.734375 -1.080847 -8.469280
5.750000 -1.213180 -8.409037
5.765625 -1.344571 -8.344847
5.781250 -1.474959 -8.276752
5.796875 -1.604284 -8.204794
5.812500 -1.732484 -8.129020
5.828125 -1.859500 -8.049477
5.843750 -1.985273 -7.966213
5.859375 -2.109745 -7.879279
5.875000 -2.232858 -7.788727
5.890625 -2.354557 -7.694610
5.906250 -2.474786 -7.596985
5.921875 -2.593488 -7.495907
5.937500 -2.710612 -7.391436
5.953125 -2.826103 -7.283631
5.968750 -2.939910 -7.172554
5.984375 -3.051981 -7.058267
6.000000 -3.162266 -6.940836
6.015625 -3.270717 -6.820325
6.031250 -3.377285 -6.696802
6.046875 -3.481922 -6.570334
6.062500 -3.584584 -6.440992
6.078125 -3.685224 -6.308845
6.093750 -3.783800 -6.173967
6.109375 -3.880268 -6.036429
6.125000 -3.974587 -5.896307
6.140625 -4.066717 -5.753675
6.156250 -4.156618 -5.608610
6.171875 -4.244253 -5.461189
6.187500 -4.329584 -5.311490
6.203125 -4.412576 -5.159592
6.218750 -4.493194 -5.005575
6.234375 -4.571407 -4.849521
6.250000 -4.647180 -4.691509
6.265625 -4.720485 -4.531624
6.281250 -4.791292 -4.369947
6.296875 -4.859572 -4.206564
6.312500 -4.925300 -4.041556
6.328125 -4.988449 -3.875011
6.343750 -5.048996 -3.707012
6.359375 -5.106918 -3.537647
6.375000 -5.162194 -3.367001
6.390625 -5.214803 -3.195160
6.406250 -5.264728 -3.022213
6.421875 -5.311950 -2.848245
6.437500 -5.356454 -2.673346
6.453125 -5.398225 -2.497603
6.468750 -5.437250 -2.321103
6.484375 -5.473517 -2.143936
6.500000 -5.507016 -1.966189
6.515625 -5.537738 -1.787950
6.531250 -5.565674 -1.609308
6.546875 -5.590820 -1.430352
6.562500 -5.613169 -1.251169
6.578125 -5.632719 -1.071848
6.593750 -5.649466 -0.892476
6.609375 -5.663411 -0.713141
6.625000 -5.674554 -0.533931
6.640625 -5.682897 -0.354932
6.656250 -5.688442 -0.176233
6.671875 -5.691196 0.002082
6.687500 -5.691164 0.179925
6.703125 -5.688352 0.357212
6.718750 -5.682771 0.533857
6.734375 -5.674429 0.709775
6.750000 -5.663339 0.884883
6.765625 -5.649513 1.059097
6.781250 -5.632964 1.232334
6.796875 -5.613709 1.404514
6.812500 -5.591764 1.575553
6.828125 -5.567146 1.745372
6.843750 -5.539874 1.913891
6.859375 -5.509970 2.081031
6.875000 -5.477454 2.246714
6.890625 -5.442349 2.410864
6.906250 -5.404679 2.573403
6.921875 -5.364469 2.734258
6.937500 -5.321747 2.893353
6.953125 -5.276538 3.050616
6.968750 -5.228872 3.205974
6.984375 -5.178779 3.359358
7.000000 -5.126289 3.510697
7.015625 -5.071434 3.659922
7.031250 -5.014248 3.806967
7.046875 -4.954764 3.951766
7.062500 -4.893018 4.094253
7.078125 -4.829045 4.234365
7.093750 -4.762883 4.372040
7.109375 -4.694570 4.507218
7.125000 -4.624145 4.639838
7.140625 -4.551647 4.769843
7.156250 -4.477118 4.897176
7.171875 -4.400600 5.021783
7.187500 -4.322135 5.143608
7.203125 -4.241766 5.262601
7.218750 -4.159538 5.378711
7.234375 -4.075495 5.491888
7.250000 -3.989685 5.602085
7.265625 -3.902152 5.709256
7.281250 -3.812945 5.813357
7.296875 -3.722111 5.914345
7.312500 -3.629699 6.012178
7.328125 -3.535759 6.106818
7.343750 -3.440340 6.198227
7.359375 -3.343493 6.286368
7.375000 -3.245268 6.371207
7.390625 -3.145718 6.452712
7.406250 -3.044895 6.530851
7.421875 -2.942850 6.605595
7.437500 -2.839638 6.676917
7.453125 -2.735311 6.744790
7.468750 -2.629923 6.809191
7.484375 -2.523530 6.870097
7.500000 -2.416185 6.927489
7.515625 -2.307943 6.981346
7.531250 -2.198859 7.031652
7.546875 -2.088989 7.078393
7.562500 -1.978390 7.121554
7.578125 -1.867115 7.161124
7.593750 -1.755223 7.197093
7.609375 -1.642768 7.229452
7.625000 -1.529808 7.258197
7.640625 -1.416399 7.283321
7.656250 -1.302597 7.304823
7.671875 -1.188459 7.322702
7.687500 -1.074042 7.336958
7.703125 -0.959402 7.347594
7.718750 -0.844596 7.354614
7.734375 -0.729680 7.358024
7.750000 -0.614711 7.357833
7.765625 -0.499744 7.354049
7.781250 -0.384837 7.346685
7.796875 -0.270045 7.335753
7.812500 -0.155424 7.321268
7.828125 -0.041030 7.303246
7.843750 0.073084 7.281705
7.859375 0.186860 7.256666
7.875000 0.300246 7.228149
7.890625 0.413186 7.196179
7.906250 0.525626 7.160779
7.921875 0.637513 7.121975
7.937500 0.748794 7.079797
7.953125 0.859416 7.034273
7.968750 0.969326 6.985434
7.984375 1.078474 6.933313
8.000000 1.186807 6.877944
8.015625 1.294275 6.819363
8.031250 1.400827 6.757606
8.046875 1.506415 6.692713
8.062500 1.610988 6.624723
8.078125 1.714500 6.553677
8.093750 1.816901 6.479619
8.109375 1.918145 6.402592
8.125000 2.018185 6.322642
8.140625 2.116977 6.239815
8.156250 2.214474 6.154160
8.171875 2.310632 6.065726
8.187500 2.405409 5.974563
8.203125 2.498762 5.880724
8.218750 2.590648 5.784260
8.234375 2.681027 5.685227
8.250000 2.769859 5.583678
8.265625 2.857104 5.479671
8.281250 2.942724 5.373263
8.296875 3.026681 5.264511
8.312500 3.108939 5.153476
8.328125 3.189462 5.040217
8.343750 3.268216 4.924795
8.359375 3.345165 4.807274
8.375000 3.420279 4.687715
8.390625 3.493525 4.566182
8.406250 3.564871 4.442740
8.421875 3.634289 4.317454
8.437500 3.701749 4.190390
8.453125 3.767224 4.061616
8.468750 3.830687 3.931197
8.484375 3.892112 3.799204
8.500000 3.951474 3.665703
8.515625 4.008751 3.530764
8.531250 4.063919 3.394457
8.546875 4.116958 3.256851
8.562500 4.167846 3.118019
8.578125 4.216565 2.978030
8.593750 4.263097 2.836956
8.609375 4.307424 2.694869
8.625000 4.349531 2.551840
8.640625 4.389404 2.407943
8.656250 4.427028 2.263249
8.671875 4.462391 2.117832
8.687500 4.495482 1.971764
8.703125 4.526291 1.825118
8.718750 4.554809 1.677968
8.734375 4.581027 1.530387
8.750000 4.604939 1.382447
8.765625 4.626540 1.234223
8.781250 4.645825 1.085786
8.796875 4.662790 0.937211
8.812500 4.677434 0.788570
8.828125 4.689755 0.639936
8.843750 4.699754 0.491381
8.859375 4.707432 0.342979
8.875000 4.712791 0.194800
8.890625 4.715835 0.046916
8.906250 4.716568 -0.100600
8.921875 4.714996 -0.247679
8.937500 4.711126 -0.394248
8.953125 4.704966 -0.540239
8.968750 4.696525 -0.685581
8.984375 4.685813 -0.830205
9.000000 4.672841 -0.974042
9.015625 4.657621 -1.117025
9.031250 4.640168 -1.259085
9.046875 4.620495 -1.400155
9.062500 4.598617 -1.540170
9.078125 4.574552 -1.679064
9.093750 4.548317 -1.816772
9.109375 4.519930 -1.953229
9.125000 4.489410 -2.088373
9.140625 4.456780 -2.222141
9.156250 4.422059 -2.354471
9.171875 4.385270 -2.485303
9.187500 4.346437 -2.614576
9.203125 4.305584 -2.742231
9.218750 4.262737 -2.868211
9.234375 4.217921 -2.992459
9.250000 4.171164 -3.114917
9.265625 4.122493 -3.235532
9.281250 4.071938 -3.354249
9.296875 4.019528 -3.471015
9.312500 3.965294 -3.585778
9.328125 3.909266 -3.698488
9.343750 3.851477 -3.809095
9.359375 3.791960 -3.917550
9.375000 3.730748 -4.023807
9.390625 3.667876 -4.127818
9.406250 3.603379 -4.229540
9.421875 3.537292 -4.328928
9.437500 3.469653 -4.425941
9.453125 3.400497 -4.520536
9.468750 3.329864 -4.612675
9.484375 3.257791 -4.702319
9.500000 3.184317 -4.789430
9.515625 3.109482 -4.873973
9.531250 3.033327 -4.955913
9.546875 2.955891 -5.035217
9.562500 2.877215 -5.111854
9.578125 2.797343 -5.185792
9.593750 2.716315 -5.257004
9.609375 2.634174 -5.325460
9.625000 2.550964 -5.391136
9.640625 2.466727 -5.454007
9.656250 2.381508 -5.514048
9.671875 2.295351 -5.571239
9.687500 2.208301 -5.625558
9.703125 2.120401 -5.676988
9.718750 2.031698 -5.725510
9.734375 1.942237 -5.771108
9.750000 1.852064 -5.813768
9.765625 1.761223 -5.853477
9.781250 1.669763 -5.890223
9.796875 1.577728 -5.923997
9.812500 1.485166 -5.954788
9.828125 1.392122 -5.982591
9.843750 1.298644 -6.007399
9.859375 1.204779 -6.029209
9.875000 1.110572 -6.048017
9.890625 1.016072 -6.063822
9.906250 0.921325 -6.076625
9.921875 0.826377 -6.086427
9.937500 0.731277 -6.093231
9.953125 0.636070 -6.097042
9.968750 0.540804 -6.097866
9.984375 0.445525 -6.095710
10.000000 0.350279 -6.090584
10.015625 0.255114 -6.082497
10.031250 0.160075 -6.071461
10.046875 0.065208 -6.057490
10.062500 -0.029440 -6.040599
10.078125 -0.123824 -6.020802
10.093750 -0.217899 -5.998117
10.109375 -0.311620 -5.972564
10.125000 -0.404941 -5.944161
10.140625 -0.497819 -5.912931
10.156250 -0.590208 -5.878897
10.171875 -0.682066 -5.842081
10.187500 -0.773348 -5.802510
10.203125 -0.864013 -5.760210
10.218750 -0.954016 -5.715209
10.234375 -1.043316 -5.667536
10.250000 -1.131871 -5.617221
10.265625 -1.219640 -5.564296
10.281250 -1.306583 -5.508794
10.296875 -1.392657 -5.450749
10.312500 -1.477825 -5.390194
10.328125 -1.562047 -5.327168
10.343750 -1.645284 -5.261707
10.359375 -1.727498 -5.193849
10.375000 -1.808652 -5.123634
10.390625 -1.888709 -5.051102
10.406250 -1.967633 -4.976295
10.421875 -2.045387 -4.899256
10.437500 -2.121938 -4.820027
10.453125 -2.197251 -4.738654
10.468750 -2.271292 -4.655182
10.484375 -2.344030 -4.569656
10.500000 -2.415430 -4.482125
10.515625 -2.485464 -4.392636
10.531250 -2.554099 -4.301239
10.546875 -2.621305 -4.207982
10.562500 -2.687055 -4.112916
10.578125 -2.751320 -4.016092
10.593750 -2.814071 -3.917563
10.609375 -2.875283 -3.817381
10.625000 -2.934929 -3.715599
10.640625 -2.992986 -3.612272
10.656250 -3.049427 -3.507453
10.671875 -3.104231 -3.401197
10.687500 -3.157375 -3.293561
10.703125 -3.208837 -3.184601
10.718750 -3.258596 -3.074373
10.734375 -3.306633 -2.962934
10.750000 -3.352929 -2.850343
10.765625 -3.397466 -2.736656
10.781250 -3.440226 -2.621934
10.796875 -3.481194 -2.506233
10.812500 -3.520354 -2.389614
10.828125 -3.557691 -2.272135
10.843750 -3.593194 -2.153857
10.859375 -3.626848 -2.034839
10.875000 -3.658642 -1.915141
10.890625 -3.688566 -1.794823
10.906250 -3.716610 -1.673947
10.921875 -3.742766 -1.552572
10.937500 -3.767024 -1.430759
10.953125 -3.789380 -1.308568
10.968750 -3.809826 -1.186060
10.984375 -3.828359 -1.063297
11.000000 -3.844973 -0.940338
11.015625 -3.859665 -0.817244
11.031250 -3.872435 -0.694076
11.046875 -3.883280 -0.570893
11.062500 -3.892200 -0.447756
11.078125 -3.899196 -0.324726
11.093750 -3.904270 -0.201861
11.109375 -3.907424 -0.079222
11.125000 -3.908662 0.043132
11.140625 -3.907988 0.165143
11.156250 -3.905408 0.286752
11.171875 -3.900927 0.407900
11.187500 -3.894554 0.528529
11.203125 -3.886295 0.648582
11.218750 -3.876161 0.768002
11.234375 -3.864161 0.886732
11.250000 -3.850306 1.004716
11.265625 -3.834607 1.121899
11.281250 -3.817078 1.238224
11.296875 -3.797731 1.353638
11.312500 -3.776580 1.468087
11.328125 -3.753641 1.581518
11.343750 -3.728930 1.693877
11.359375 -3.702463 1.805112
11.375000 -3.674258 1.915173
11.390625 -3.644334 2.024009
11.406250 -3.612708 2.131569
11.421875 -3.579403 2.237805
11.437500 -3.544437 2.342669
11.453125 -3.507833 2.446111
11.468750 -3.469612 2.548087
11.484375 -3.429798 2.648550
11.500000 -3.388415 2.747454
11.515625 -3.345486 2.844756
11.531250 -3.301037 2.940413
11.546875 -3.255093 3.034382
11.562500 -3.207680 3.126621
11.578125 -3.158827 3.217090
11.593750 -3.108560 3.305750
11.609375 -3.056908 3.392562
11.625000 -3.003899 3.477489
11.640625 -2.949563 3.560493
11.656250 -2.893930 3.641541
11.671875 -2.837031 3.720596
11.687500 -2.778897 3.797626
11.703125 -2.719559 3.872599
11.718750 -2.659050 3.945484
11.734375 -2.597401 4.016249
11.750000 -2.534648 4.084867
11.765625 -2.470821 4.151310
11.781250 -2.405957 4.215550
11.796875 -2.340089 4.277563
11.812500 -2.273252 4.337323
11.828125 -2.205482 4.394808
11.843750 -2.136813 4.449996
11.859375 -2.067282 4.502865
11.875000 -1.996924 4.553396
11.890625 -1.925778 4.601571
11.906250 -1.853878 4.647371
11.921875 -1.781263 4.690782
11.937500 -1.707969 4.731788
11.953125 -1.634035 4.770375
11.968750 -1.559498 4.806531
11.984375 -1.484396 4.840245
12.000000 -1.408767 4.871507
12.015625 -1.332650 4.900307
12.031250 -1.256083 4.926639
12.046875 -1.179104 4.950496
12.062500 -1.101752 4.971872
12.078125 -1.024067 4.990765
12.093750 -0.946086 5.007171
12.109375 -0.867849 5.021089
12.125000 -0.789395 5.032518
12.140625 -0.710762 5.041460
12.156250 -0.631989 5.047917
12.171875 -0.553115 5.051892
12.187500 -0.474179 5.053390
12.203125 -0.395220 5.052416
12.218750 -0.316276 5.048978
12.234375 -0.237386 5.043083
12.250000 -0.158588 5.034742
12.265625 -0.079920 5.023964
12.281250 -0.001420 5.010762
12.296875 0.076873 4.995147
12.312500 0.154922 4.977135
12.328125 0.232690 4.956741
12.343750 0.310139 4.933979
12.359375 0.387232 4.908869
12.375000 0.463933 4.881427
12.390625 0.540206 4.851675
12.406250 0.616013 4.819632
12.421875 0.691320 4.785320
12.437500 0.766090 4.748762
12.453125 0.840290 4.709982
12.468750 0.913883 4.669005
12.484375 0.986837 4.625855
12.500000 1.059116 4.580561
12.515625 1.130687 4.533149
12.531250 1.201517 4.483649
12.546875 1.271574 4.432090
12.562500 1.340826 4.378503
12.578125 1.409240 4.322919
12.593750 1.476785 4.265372
12.609375 1.543432 4.205893
12.625000 1.609149 4.144517
12.640625 1.673907 4.081280
12.656250 1.737677 4.016216
12.671875 1.800430 3.949363
12.687500 1.862139 3.880758
12.703125 1.922776 3.810439
12.718750 1.982314 3.738444
12.734375 2.040727 3.664814
12.750000 2.097990 3.589589
12.765625 2.154077 3.512809
12.781250 2.208965 3.434517
12.796875 2.262629 3.354754
12.812500 2.315047 3.273563
12.828125 2.366197 3.190988
12.843750 2.416056 3.107072
12.859375 2.464604 3.021861
12.875000 2.511821 2.935399
12.890625 2.557686 2.847731
12.906250 2.602182 2.758905
12.921875 2.645290 2.668965
12.937500 2.686992 2.577959
12.953125 2.727273 2.485934
12.968750 2.766116 2.392938
12.984375 2.803505 2.299019
13.000000 2.839428 2.204225
13.015625 2.873869 2.108605
13.031250 2.906816 2.012207
13.046875 2.938256 1.915081
13.062500 2.968179 1.817276
13.078125 2.996574 1.718841
13.093750 3.023431 1.619827
13.109375 3.048741 1.520283
13.125000 3.072496 1.420259
13.140625 3.094687 1.319805
13.156250 3.115309 1.218972
13.171875 3.134355 1.117809
13.187500 3.151821 1.016367
13.203125 3.167702 0.914697
13.218750 3.181994 0.812848
13.234375 3.194695 0.710870
13.250000 3.205802 0.608814
13.265625 3.215315 0.506731
13.281250 3.223233 0.404669
13.296875 3.229556 0.302678
13.312500 3.234285 0.200808
13.328125 3.237422 0.099109
13.343750 3.238971 -0.002370
13.359375 3.238934 -0.103580
13.375000 3.237316 -0.204473
13.390625 3.234121 -0.305000
13.406250 3.229355 -0.405113
13.421875 3.223025 -0.504765
13.437500 3.215138 -0.603907
13.453125 3.205702 -0.702493
13.468750 3.194726 -0.800476
13.484375 3.182218 -0.897809
13.500000 3.168190 -0.994448
13.515625 3.152652 -1.090346
13.531250 3.135615 -1.185459
13.546875 3.117092 -1.279743
13.562500 3.097096 -1.373153
13.578125 3.075641 -1.465646
13.593750 3.052740 -1.557180
13.609375 3.028409 -1.647711
13.625000 3.002664 -1.737200
13.640625 2.975520 -1.825605
13.656250 2.946995 -1.912885
13.671875 2.917106 -1.999000
13.687500 2.885872 -2.083913
13.703125 2.853311 -2.167584
13.718750 2.819442 -2.249977
13.734375 2.784286 -2.331053
13.750000 2.747863 -2.410777
13.765625 2.710195 -2.489114
13.781250 2.671303 -2.566030
13.796875 2.631208 -2.641489
13.812500 2.589935 -2.715460
13.828125 2.547506 -2.787909
13.843750 2.503945 -2.858807
13.859375 2.459276 -2.928121
13.875000 2.413524 -2.995823
13.890625 2.366715 -3.061884
13.906250 2.318873 -3.126275
13.921875 2.270025 -3.188970
13.937500 2.220197 -3.249943
13.953125 2.169417 -3.309168
13.968750 2.117711 -3.366621
13.984375 2.065107 -3.422279
14.000000 2.011634 -3.476119
14.015625 1.957320 -3.528120
14.031250 1.902193 -3.578261
14.046875 1.846283 -3.626522
14.062500 1.789618 -3.672886
14.078125 1.732229 -3.717333
14.093750 1.674146 -3.759849
14.109375 1.615398 -3.800416
14.125000 1.556017 -3.839021
14.140625 1.496032 -3.875650
14.156250 1.435475 -3.910289
14.171875 1.374377 -3.942928
14.187500 1.312769 -3.973556
14.203125 1.250682 -4.002163
14.218750 1.188148 -4.028740
14.234375 1.125199 -4.053280
14.250000 1.061866 -4.075776
14.265625 0.998183 -4.096222
14.281250 0.934179 -4.114615
14.296875 0.869888 -4.130949
14.312500 0.805342 -4.145224
14.328125 0.740573 -4.157437
14.343750 0.675613 -4.167588
14.359375 0.610494 -4.175677
14.375000 0.545249 -4.181706
14.390625 0.479910 -4.185678
14.406250 0.414509 -4.187595
14.421875 0.349078 -4.187462
14.437500 0.283649 -4.185285
14.453125 0.218254 -4.181070
14.468750 0.152925 -4.174824
14.484375 0.087693 -4.166557
14.500000 0.022590 -4.156277
14.515625 -0.042351 -4.143994
14.531250 -0.107101 -4.129721
14.546875 -0.171628 -4.113469
14.562500 -0.235901 -4.095251
14.578125 -0.299889 -4.075081
14.593750 -0.363563 -4.052975
14.609375 -0.426890 -4.028948
14.625000 -0.489843 -4.003017
14.640625 -0.552390 -3.975200
14.656250 -0.614502 -3.945516
14.671875 -0.676151 -3.913983
14.687500 -0.737307 -3.880622
14.703125 -0.797942 -3.845454
14.718750 -0.858027 -3.808501
14.734375 -0.917535 -3.769786
14.750000 -0.976438 -3.729333
14.765625 -1.034708 -3.687165
14.781250 -1.092320 -3.643308
14.796875 -1.149247 -3.597788
14.812500 -1.205462 -3.550630
14.828125 -1.260941 -3.501864
14.843750 -1.315658 -3.451516
14.859375 -1.369588 -3.399616
14.875000 -1.422707 -3.346193
14.890625 -1.474991 -3.291276
14.906250 -1.526417 -3.234897
14.921875 -1.576962 -3.177088
14.937500 -1.626604 -3.117879
14.953125 -1.675321 -3.057305
14.968750 -1.723092 -2.995397
14.984375 -1.769895 -2.932190
15.000000 -1.815710 -2.867717
15.015625 -1.860518 -2.802015
15.031250 -1.904300 -2.735117
15.046875 -1.947036 -2.667061
15.062500 -1.988709 -2.597881
15.078125 -2.029301 -2.527616
15.093750 -2.068795 -2.456301
15.109375 -2.107174 -2.383975
15.125000 -2.144424 -2.310676
15.140625 -2.180528 -2.236442
15.156250 -2.215473 -2.161312
15.171875 -2.249243 -2.085324
15.187500 -2.281826 -2.008519
15.203125 -2.313209 -1.930935
15.218750 -2.343380 -1.852613
15.234375 -2.372327 -1.773593
15.250000 -2.400040 -1.693915
15.265625 -2.426507 -1.613621
15.281250 -2.451720 -1.532750
15.296875 -2.475669 -1.451344
15.312500 -2.498346 -1.369443
15.328125 -2.519744 -1.287091
15.343750 -2.539855 -1.204326
15.359375 -2.558672 -1.121192
15.375000 -2.576191 -1.037730
15.390625 -2.592406 -0.953981
15.406250 -2.607312 -0.869987
15.421875 -2.620905 -0.785790
15.437500 -2.633183 -0.701431
15.453125 -2.644143 -0.616952
15.468750 -2.653783 -0.532395
15.484375 -2.662101 -0.447801
15.500000 -2.669098 -0.363211
15.515625 -2.674774 -0.278666
15.531250 -2.679128 -0.194209
15.546875 -2.682162 -0.109879
15.562500 -2.683879 -0.025718
15.578125 -2.684281 0.058234
15.593750 -2.683371 0.141935
15.609375 -2.681153 0.225347
15.625000 -2.677632 0.308429
15.640625 -2.672813 0.391141
15.656250 -2.666701 0.473444
15.671875 -2.659304 0.555299
15.687500 -2.650627 0.636667
15.703125 -2.640679 0.717510
15.718750 -2.629468 0.797789
15.734375 -2.617003 0.877466
15.750000 -2.603292 0.956506
15.765625 -2.588347 1.034869
15.781250 -2.572177 1.112521
15.796875 -2.554794 1.189425
15.812500 -2.536209 1.265546
15.828125 -2.516435 1.340847
15.843750 -2.495484 1.415296
15.859375 -2.473370 1.488857
15.875000 -2.450107 1.561497
15.890625 -2.425709 1.633183
15.906250 -2.400190 1.703883
15.921875 -2.373567 1.773564
15.937500 -2.345855 1.842196
15.953125 -2.317071 1.909747
15.968750 -2.287231 1.976187
15.984375 -2.256353 2.041488
16.000000 -2.224455 2.105619
16.015625 -2.191554 2.168553
16.031250 -2.157671 2.230263
16.046875 -2.122823 2.290720
16.062500 -2.087030 2.349900
16.078125 -2.050313 2.407776
16.093750 -2.012692 2.464324
16.109375 -1.974187 2.519520
16.125000 -1.934819 2.573340
16.140625 -1.894611 2.625761
16.156250 -1.853583 2.676762
16.171875 -1.811759 2.726322
16.187500 -1.769160 2.774419
16.203125 -1.725810 2.821036
16.218750 -1.681731 2.866151
16.234375 -1.636947 2.909749
16.250000 -1.591483 2.951811
16.265625 -1.545361 2.992320
16.281250 -1.498606 3.031261
16.296875 -1.451242 3.068620
16.312500 -1.403295 3.104382
16.328125 -1.354789 3.138534
16.343750 -1.305749 3.171063
16.359375 -1.256202 3.201958
16.375000 -1.206171 3.231208
16.390625 -1.155683 3.258804
16.406250 -1.104765 3.284735
16.421875 -1.053441 3.308994
16.437500 -1.001737 3.331574
16.453125 -0.949682 3.352467
16.468750 -0.897299 3.371668
16.484375 -0.844617 3.389172
16.500000 -0.791661 3.404975
16.515625 -0.738459 3.419074
16.531250 -0.685035 3.431466
16.546875 -0.631419 3.442150
16.562500 -0.577635 3.451125
16.578125 -0.523711 3.458392
16.593750 -0.469674 3.463950
16.609375 -0.415550 3.467803
16.625000 -0.361365 3.469952
16.640625 -0.307147 3.470401
16.656250 -0.252922 3.469154
16.671875 -0.198717 3.466217
16.687500 -0.144557 3.461595
16.703125 -0.090470 3.455295
16.718750 -0.036481 3.447324
16.734375 0.017384 3.437691
16.750000 0.071098 3.426405
16.765625 0.124635 3.413476
16.781250 0.177971 3.398914
16.796875 0.231079 3.382731
16.812500 0.283934 3.364938
16.828125 0.336511 3.345550
16.843750 0.388785 3.324579
16.859375 0.440732 3.302040
16.875000 0.492326 3.277949
16.890625 0.543544 3.252320
16.906250 0.594362 3.225171
16.921875 0.644755 3.196518
16.937500 0.694701 3.166380
16.953125 0.744175 3.134776
16.968750 0.793156 3.101724
16.984375 0.841621 3.067245
17.000000 0.889546 3.031360
17.015625 0.936911 2.994088
17.031250 0.983694 2.955453
17.046875 1.029873 2.915477
17.062500 1.075427 2.874183
17.078125 1.120336 2.831594
17.093750 1.164580 2.787735
17.109375 1.208138 2.742630
17.125000 1.250992 2.696305
17.140625 1.293122 2.648785
17.156250 1.334509 2.600098
17.171875 1.375135 2.550269
17.187500 1.414983 2.499327
17.203125 1.454035 2.447298
17.218750 1.492274 2.394211
17.234375 1.529684 2.340096
17.250000 1.566248 2.284981
17.265625 1.601951 2.228895
17.281250 1.636777 2.171868
17.296875 1.670713 2.113932
17.312500 1.703743 2.055116
17.328125 1.735854 1.995452
17.343750 1.767033 1.934971
17.359375 1.797267 1.873704
17.375000 1.826544 1.811684
17.390625 1.854851 1.748943
17.406250 1.882178 1.685514
17.421875 1.908515 1.621429
17.437500 1.933849 1.556721
17.453125 1.958173 1.491423
17.468750 1.981477 1.425569
17.484375 2.003751 1.359193
17.500000 2.024988 1.292329
17.515625 2.045181 1.225009
17.531250 2.064322 1.157269
17.546875 2.082404 1.089143
17.562500 2.099422 1.020664
17.578125 2.115370 0.951867
17.593750 2.130243 0.882787
17.609375 2.144036 0.813459
17.625000 2.156747 0.743915
17.640625 2.168370 0.674192
17.656250 2.178905 0.604324
17.671875 2.188347 0.534345
17.687500 2.196696 0.464289
17.703125 2.203951 0.394191
17.718750 2.210110 0.324086
17.734375 2.215174 0.254007
17.750000 2.219143 0.183989
17.765625 2.222018 0.114066
17.781250 2.223800 0.044272
17.796875 2.224492 -0.025360
17.812500 2.224095 -0.094797
17.828125 2.222614 -0.164003
17.843750 2.220052 -0.232947
17.859375 2.216412 -0.301596
17.875000 2.211699 -0.369916
17.890625 2.205920 -0.437876
17.906250 2.199078 -0.505443
17.921875 2.191180 -0.572584
17.937500 2.182234 -0.639269
17.953125 2.172245 -0.705467
17.968750 2.161222 -0.771145
17.984375 2.149173 -0.836273
18.000000 2.136106 -0.900821
18.015625 2.122031 -0.964760
18.031250 2.106956 -1.028058
18.046875 2.090893 -1.090688
18.062500 2.073851 -1.152620
18.078125 2.055841 -1.213826
18.093750 2.036875 -1.274278
18.109375 2.016965 -1.333948
18.125000 1.996122 -1.392809
18.140625 1.974359 -1.450836
18.156250 1.951690 -1.508000
18.171875 1.928127 -1.564278
18.187500 1.903685 -1.619644
18.203125 1.878379 -1.674073
18.218750 1.852221 -1.727541
18.234375 1.825228 -1.780024
18.250000 1.797415 -1.831500
18.265625 1.768798 -1.881945
18.281250 1.739393 -1.931339
18.296875 1.709216 -1.979660
18.312500 1.678284 -2.026887
18.328125 1.646613 -2.072999
18.343750 1.614223 -2.117977
18.359375 1.581129 -2.161803
18.375000 1.547351 -2.204458
18.390625 1.512907 -2.245924
18.406250 1.477814 -2.286183
18.421875 1.442092 -2.325221
18.437500 1.405761 -2.363020
18.453125 1.368839 -2.399565
18.468750 1.331345 -2.434843
18.484375 1.293301 -2.468839
18.500000 1.254725 -2.501539
18.515625 1.215639 -2.532932
18.531250 1.176062 -2.563005
18.546875 1.136015 -2.591748
18.562500 1.095519 -2.619149
18.578125 1.054595 -2.645199
18.593750 1.013263 -2.669889
18.609375 0.971546 -2.693210
18.625000 0.929465 -2.715155
18.640625 0.887041 -2.735716
18.656250 0.844295 -2.754887
18.671875 0.801250 -2.772662
18.687500 0.757927 -2.789036
18.703125 0.714348 -2.804006
18.718750 0.670536 -2.817567
18.734375 0.626511 -2.829716
18.750000 0.582297 -2.840452
18.765625 0.537915 -2.849772
18.781250 0.493387 -2.857676
18.796875 0.448736 -2.864164
18.812500 0.403984 -2.869237
18.828125 0.359152 -2.872895
18.843750 0.314263 -2.875141
18.859375 0.269339 -2.875977
18.875000 0.224402 -2.875406
18.890625 0.179473 -2.873433
18.906250 0.134576 -2.870062
18.921875 0.089731 -2.865299
18.937500 0.044961 -2.859149
18.953125 0.000287 -2.851619
18.968750 -0.044270 -2.842716
18.984375 -0.088687 -2.832449
19.000000 -0.132944 -2.820827
19.015625 -0.177020 -2.807857
19.031250 -0.220892 -2.793551
19.046875 -0.264542 -2.777918
19.062500 -0.307947 -2.760970
19.078125 -0.351087 -2.742719
19.093750 -0.393942 -2.723176
19.109375 -0.436491 -2.702355
19.125000 -0.478716 -2.680270
19.140625 -0.520595 -2.656935
19.156250 -0.562110 -2.632363
19.171875 -0.603240 -2.606571
19.187500 -0.643968 -2.579574
19.203125 -0.684274 -2.551389
19.218750 -0.724139 -2.522032
19.234375 -0.763546 -2.491522
19.250000 -0.802476 -2.459875
19.265625 -0.840912 -2.427110
19.281250 -0.878835 -2.393247
19.296875 -0.916230 -2.358305
19.312500 -0.953078 -2.322303
19.328125 -0.989364 -2.285262
19.343750 -1.025071 -2.247203
19.359375 -1.060184 -2.208147
19.375000 -1.094686 -2.168116
19.390625 -1.128563 -2.127131
19.406250 -1.161799 -2.085216
19.421875 -1.194381 -2.042394
19.437500 -1.226293 -1.998687
19.453125 -1.257523 -1.954119
19.468750 -1.288056 -1.908715
19.484375 -1.317880 -1.862499
19.500000 -1.346981 -1.815495
19.515625 -1.375348 -1.767728
19.531250 -1.402969 -1.719224
19.546875 -1.429832 -1.670009
19.562500 -1.455926 -1.620108
19.578125 -1.481240 -1.569547
19.593750 -1.505764 -1.518354
19.609375 -1.529488 -1.466554
19.625000 -1.552403 -1.414174
19.640625 -1.574500 -1.361243
19.656250 -1.595769 -1.307786
19.671875 -1.616203 -1.253831
19.687500 -1.635794 -1.199406
19.703125 -1.654535 -1.144540
19.718750 -1.672419 -1.089259
19.734375 -1.689438 -1.033592
19.750000 -1.705588 -0.977567
19.765625 -1.720863 -0.921212
19.781250 -1.735257 -0.864556
19.796875 -1.748765 -0.807628
19.812500 -1.761384 -0.750455
19.828125 -1.773110 -0.693067
19.843750 -1.783939 -0.635491
19.859375 -1.793869 -0.577757
19.875000 -1.802897 -0.519893
19.890625 -1.811020 -0.461928
19.906250 -1.818237 -0.403890
19.921875 -1.824548 -0.345808
19.937500 -1.829952 -0.287710
19.953125 -1.834447 -0.229625
19.968750 -1.838035 -0.171581
19.984375 -1.840716 -0.113606
20.000000 -1.842491 -0.055729
20.015625 -1.843362 0.002023
20.031250 -1.843330 0.059622
20.046875 -1.842399 0.117039
20.062500 -1.840570 0.174249
20.078125 -1.837847 0.231222
20.093750 -1.834234 0.287932
20.109375 -1.829735 0.344352
20.125000 -1.824355 0.400455
20.140625 -1.818098 0.456215
20.156250 -1.810969 0.511605
20.171875 -1.802976 0.566599
20.187500 -1.794122 0.621171
20.203125 -1.784417 0.675296
20.218750 -1.773865 0.728949
20.234375 -1.762475 0.782104
20.250000 -1.750255 0.834738
20.265625 -1.737212 0.886825
20.281250 -1.723356 0.938341
20.296875 -1.708694 0.989264
20.312500 -1.693237 1.039569
20.328125 -1.676993 1.089234
20.343750 -1.659974 1.138236
20.359375 -1.642189 1.186553
20.375000 -1.623649 1.234164
20.390625 -1.604366 1.281046
20.406250 -1.584349 1.327179
20.421875 -1.563612 1.372543
20.437500 -1.542166 1.417116
20.453125 -1.520024 1.460880
20.468750 -1.497197 1.503816
20.484375 -1.473700 1.545904
20.500000 -1.449545 1.587126
20.515625 -1.424747 1.627465
20.531250 -1.399317 1.666902
20.546875 -1.373272 1.705422
20.562500 -1.346625 1.743007
20.578125 -1.319390 1.779642
20.593750 -1.291584 1.815312
20.609375 -1.263219 1.850001
20.625000 -1.234313 1.883695
20.640625 -1.204880 1.916381
20.656250 -1.174937 1.948045
20.671875 -1.144499 1.978674
20.687500 -1.113582 2.008256
20.703125 -1.082203 2.036780
20.718750 -1.050378 2.064234
20.734375 -1.018124 2.090607
20.750000 -0.985459 2.115891
20.765625 -0.952398 2.140074
20.781250 -0.918959 2.163149
20.796875 -0.885160 2.185106
20.812500 -0.851018 2.205939
20.828125 -0.816550 2.225640
20.843750 -0.781774 2.244202
20.859375 -0.746709 2.261619
20.875000 -0.711371 2.277886
20.890625 -0.675779 2.292998
20.906250 -0.639951 2.306951
20.921875 -0.603905 2.319740
20.937500 -0.567659 2.331363
20.953125 -0.531231 2.341817
20.968750 -0.494640 2.351099
20.984375 -0.457904 2.359210
21.000000 -0.421042 2.366147
21.015625 -0.384071 2.371910
21.031250 -0.347010 2.376500
21.046875 -0.309877 2.379918
21.062500 -0.272691 2.382164
21.078125 -0.235469 2.383241
21.093750 -0.198231 2.383152
21.109375 -0.160994 2.381899
21.125000 -0.123777 2.379487
21.140625 -0.086598 2.375919
21.156250 -0.049474 2.371201
21.171875 -0.012424 2.365337
21.187500 0.024534 2.358333
21.203125 0.061383 2.350197
21.218750 0.098105 2.340934
21.234375 0.134682 2.330553
21.250000 0.171097 2.319061
21.265625 0.207332 2.306467
21.281250 0.243371 2.292781
21.296875 0.279196 2.278010
21.312500 0.314790 2.262167
21.328125 0.350136 2.245260
21.343750 0.385218 2.227302
21.359375 0.420020 2.208304
21.375000 0.454525 2.188277
21.390625 0.488716 2.167235
21.406250 0.522579 2.145190
21.421875 0.556098 2.122155
21.437500 0.589257 2.098146
21.453125 0.622040 2.073175
21.468750 0.654434 2.047257
21.484375 0.686422 2.020409
21.500000 0.717991 1.992644
21.515625 0.749126 1.963980
21.531250 0.779813 1.934432
21.546875 0.810039 1.904018
21.562500 0.839789 1.872754
21.578125 0.869051 1.840658
21.593750 0.897811 1.807749
21.609375 0.926057 1.774043
21.625000 0.953776 1.739560
21.640625 0.980957 1.704318
21.656250 1.007587 1.668337
21.671875 1.033655 1.631636
21.687500 1.059149 1.594236
21.703125 1.084059 1.556155
21.718750 1.108374 1.517416
21.734375 1.132084 1.478037
21.750000 1.155178 1.438041
21.765625 1.177647 1.397447
21.781250 1.199482 1.356279
21.796875 1.220674 1.314557
21.812500 1.241214 1.272303
21.828125 1.261094 1.229539
21.843750 1.280305 1.186287
21.859375 1.298841 1.142571
21.875000 1.316694 1.098411
21.890625 1.333857 1.053832
21.906250 1.350323 1.008856
21.921875 1.366086 0.963505
21.937500 1.381141 0.917804
21.953125 1.395481 0.871776
21.968750 1.409103 0.825442
21.984375 1.422001 0.778828
22.000000 1.434170 0.731957
22.015625 1.445607 0.684852
22.031250 1.456307 0.637537
22.046875 1.466269 0.590035
22.062500 1.475488 0.542370
22.078125 1.483963 0.494566
22.093750 1.491690 0.446647
22.109375 1.498669 0.398636
22.125000 1.504898 0.350556
22.140625 1.510375 0.302433
22.156250 1.515101 0.254289
22.171875 1.519074 0.206147
22.187500 1.522295 0.158032
22.203125 1.524764 0.109966
22.218750 1.526483 0.061974
22.234375 1.527451 0.014077
22.250000 1.527671 -0.033699
22.265625 1.527144 -0.081334
22.281250 1.525873 -0.128803
22.296875 1.523861 -0.176084
22.312500 1.521110 -0.223154
22.328125 1.517623 -0.269992
22.343750 1.513404 -0.316574
22.359375 1.508458 -0.362878
22.375000 1.502788 -0.408884
22.390625 1.496399 -0.454568
22.406250 1.489296 -0.499910
22.421875 1.481485 -0.544888
22.437500 1.472971 -0.589482
22.453125 1.463761 -0.633670
22.468750 1.453860 -0.677432
22.484375 1.443275 -0.720748
22.500000 1.432013 -0.763598
22.515625 1.420082 -0.805963
22.531250 1.407489 -0.847822
22.546875 1.394241 -0.889156
22.562500 1.380348 -0.929948
22.578125 1.365818 -0.970177
22.593750 1.350659 -1.009827
22.609375 1.334880 -1.048880
22.625000 1.318492 -1.087317
22.640625 1.301502 -1.125122
22.656250 1.283922 -1.162278
22.671875 1.265762 -1.198768
22.687500 1.247031 -1.234577
22.703125 1.227741 -1.269689
22.718750 1.207902 -1.304088
22.734375 1.187525 -1.337760
22.750000 1.166623 -1.370689
22.765625 1.145206 -1.402863
22.781250 1.123286 -1.434267
22.796875 1.100876 -1.464887
22.812500 1.077987 -1.494712
22.828125 1.054632 -1.523728
22.843750 1.030824 -1.551924
22.859375 1.006575 -1.579287
22.875000 0.981899 -1.605807
22.890625 0.956808 -1.631473
22.906250 0.931316 -1.656275
22.921875 0.905437 -1.680203
22.937500 0.879184 -1.703247
22.953125 0.852570 -1.725399
22.968750 0.825611 -1.746650
22.984375 0.798320 -1.766992
23.000000 0.770710 -1.786418
23.015625 0.742797 -1.804920
23.031250 0.714596 -1.822492
23.046875 0.686119 -1.839128
23.062500 0.657383 -1.854822
23.078125 0.628401 -1.869569
23.093750 0.599189 -1.883364
23.109375 0.569762 -1.896203
23.125000 0.540133 -1.908082
23.140625 0.510320 -1.918999
23.156250 0.480335 -1.928949
23.171875 0.450195 -1.937932
23.187500 0.419915 -1.945945
23.203125 0.389510 -1.952986
23.218750 0.358995 -1.959055
23.234375 0.328384 -1.964151
23.250000 0.297694 -1.968275
23.265625 0.266940 -1.971428
23.281250 0.236137 -1.973609
23.296875 0.205299 -1.974820
23.312500 0.174442 -1.975065
23.328125 0.143582 -1.974344
23.343750 0.112733 -1.972661
23.359375 0.081910 -1.970019
23.375000 0.051128 -1.966423
23.390625 0.020403 -1.961876
23.406250 -0.010251 -1.956382
23.421875 -0.040820 -1.949948
23.437500 -0.071288 -1.942579
23.453125 -0.101640 -1.934281
23.468750 -0.131864 -1.925060
23.484375 -0.161943 -1.914923
23.500000 -0.191863 -1.903878
23.515625 -0.221611 -1.891933
23.531250 -0.251173 -1.879095
23.546875 -0.280534 -1.865374
23.562500 -0.309680 -1.850778
23.578125 -0.338599 -1.835317
23.593750 -0.367275 -1.819000
23.609375 -0.395697 -1.801839
23.625000 -0.423851 -1.783842
23.640625 -0.451724 -1.765023
23.656250 -0.479302 -1.745390
23.671875 -0.506574 -1.724958
23.687500 -0.533526 -1.703737
23.703125 -0.560147 -1.681740
23.718750 -0.586424 -1.658980
23.734375 -0.612346 -1.635470
23.750000 -0.637900 -1.611223
23.765625 -0.663075 -1.586254
23.781250 -0.687861 -1.560576
23.796875 -0.712245 -1.534203
23.812500 -0.736217 -1.507151
23.828125 -0.759766 -1.479435
23.843750 -0.782882 -1.451069
23.859375 -0.805555 -1.422069
23.875000 -0.827775 -1.392452
23.890625 -0.849532 -1.362232
23.906250 -0.870817 -1.331427
23.921875 -0.891620 -1.300054
23.937500 -0.911934 -1.268128
23.953125 -0.931748 -1.235667
23.968750 -0.951055 -1.202688
23.984375 -0.969847 -1.169209
24.000000 -0.988116 -1.135248
24.015625 -1.005855 -1.100822
24.031250 -1.023055 -1.065949
24.046875 -1.039710 -1.030647
24.062500 -1.055814 -0.994935
24.078125 -1.071360 -0.958832
24.093750 -1.086342 -0.922356
24.109375 -1.100754 -0.885525
24.125000 -1.114590 -0.848359
24.140625 -1.127846 -0.810877
24.156250 -1.140516 -0.773098
24.171875 -1.152595 -0.735041
24.187500 -1.164080 -0.696725
24.203125 -1.174967 -0.658171
24.218750 -1.185250 -0.619396
24.234375 -1.194929 -0.580422
24.250000 -1.203998 -0.541266
24.265625 -1.212455 -0.501950
24.281250 -1.220298 -0.462492
24.296875 -1.227524 -0.422912
24.312500 -1.234132 -0.383231
24.328125 -1.240120 -0.343466
24.343750 -1.245487 -0.303639
24.359375 -1.250231 -0.263769
24.375000 -1.254353 -0.223875
24.390625 -1.257851 -0.183977
24.406250 -1.260725 -0.144094
24.421875 -1.262977 -0.104246
24.437500 -1.264606 -0.064452
24.453125 -1.265613 -0.024732
24.468750 -1.265999 0.014896
24.484375 -1.265766 0.054412
24.500000 -1.264916 0.093797
24.515625 -1.263451 0.133032
24.531250 -1.261372 0.172099
24.546875 -1.258683 0.210979
24.562500 -1.255386 0.249654
24.578125 -1.251486 0.288105
24.593750 -1.246984 0.326313
24.609375 -1.241885 0.364262
24.625000 -1.236194 0.401932
24.640625 -1.229914 0.439307
24.656250 -1.223049 0.476369
24.671875 -1.215606 0.513101
24.687500 -1.207589 0.549485
24.703125 -1.199003 0.585505
24.718750 -1.189855 0.621144
24.734375 -1.180149 0.656386
24.750000 -1.169893 0.691215
24.765625 -1.159093 0.725614
24.781250 -1.147755 0.759568
24.796875 -1.135887 0.793062
24.812500 -1.123495 0.826080
24.828125 -1.110588 0.858608
24.843750 -1.097172 0.890630
24.859375 -1.083256 0.922134
24.875000 -1.068848 0.953104
24.890625 -1.053956 0.983527
24.906250 -1.038588 1.013389
24.921875 -1.022754 1.042678
24.937500 -1.006462 1.071381
24.953125 -0.989722 1.099485
24.968750 -0.972542 1.126978
24.984375 -0.954933 1.153848
25.000000 -0.936904 1.180084
25.015625 -0.918465 1.205674
25.031250 -0.899627 1.230609
25.046875 -0.880398 1.254876
25.062500 -0.860791 1.278467
25.078125 -0.840815 1.301372
25.093750 -0.820481 1.323581
25.109375 -0.799800 1.345084
25.125000 -0.778783 1.365875
25.140625 -0.757441 1.385943
25.156250 -0.735786 1.405282
25.171875 -0.713828 1.423884
25.187500 -0.691580 1.441742
25.203125 -0.669053 1.458848
25.218750 -0.646259 1.475197
25.234375 -0.623209 1.490783
25.250000 -0.599915 1.505599
25.265625 -0.576390 1.519642
25.281250 -0.552646 1.532905
25.296875 -0.528694 1.545385
25.312500 -0.504547 1.557077
25.328125 -0.480218 1.567978
25.343750 -0.455718 1.578085
25.359375 -0.431061 1.587395
25.375000 -0.406258 1.595905
25.390625 -0.381322 1.603613
25.406250 -0.356265 1.610518
25.421875 -0.331101 1.616619
25.437500 -0.305841 1.621914
25.453125 -0.280499 1.626403
25.468750 -0.255086 1.630086
25.484375 -0.229616 1.632963
25.500000 -0.204101 1.635036
25.515625 -0.178554 1.636305
25.531250 -0.152987 1.636771
25.546875 -0.127412 1.636437
25.562500 -0.101843 1.635305
25.578125 -0.076291 1.633377
25.593750 -0.050770 1.630657
25.609375 -0.025291 1.627147
25.625000 0.000134 1.622853
25.640625 0.025491 1.617777
25.656250 0.050769 1.611925
25.671875 0.075955 1.605301
25.687500 0.101038 1.597911
25.703125 0.126005 1.589760
25.718750 0.150845 1.580855
25.734375 0.175546 1.571201
25.750000 0.200096 1.560805
25.765625 0.224483 1.549674
25.781250 0.248697 1.537816
25.796875 0.272726 1.525239
25.812500 0.296557 1.511950
25.828125 0.320182 1.497958
25.843750 0.343587 1.483271
25.859375 0.366763 1.467898
25.875000 0.389699 1.451850
25.890625 0.412384 1.435135
25.906250 0.434808 1.417763
25.921875 0.456961 1.399745
25.937500 0.478832 1.381091
25.953125 0.500411 1.361811
25.968750 0.521690 1.341918
25.984375 0.542657 1.321421
26.000000 0.563304 1.300334
26.015625 0.583622 1.278667
26.031250 0.603601 1.256433
26.046875 0.623233 1.233644
26.062500 0.642509 1.210313
26.078125 0.661420 1.186452
26.093750 0.679958 1.162075
26.109375 0.698116 1.137195
26.125000 0.715884 1.111825
26.140625 0.733257 1.085979
26.156250 0.750225 1.059671
26.171875 0.766782 1.032915
26.187500 0.782922 1.005726
26.203125 0.798636 0.978116
26.218750 0.813919 0.950102
26.234375 0.828765 0.921698
26.250000 0.843166 0.892919
26.265625 0.857118 0.863780
26.281250 0.870615 0.834296
26.296875 0.883650 0.804482
26.312500 0.896220 0.774354
26.328125 0.908320 0.743927
26.343750 0.919944 0.713217
26.359375 0.931088 0.682240
26.375000 0.941748 0.651012
26.390625 0.951920 0.619548
26.406250 0.961600 0.587864
26.421875 0.970785 0.555977
26.437500 0.979473 0.523902
26.453125 0.987659 0.491657
26.468750 0.995341 0.459256
26.484375 1.002517 0.426716
26.500000 1.009184 0.394054
26.515625 1.015341 0.361286
26.531250 1.020986 0.328427
26.546875 1.026118 0.295495
26.562500 1.030735 0.262506
26.578125 1.034837 0.229475
26.593750 1.038422 0.196419
26.609375 1.041491 0.163355
26.625000 1.044044 0.130298
26.640625 1.046080 0.097264
26.656250 1.047599 0.064270
26.671875 1.048604 0.031332
26.687500 1.049093 -0.001535
26.703125 1.049069 -0.034314
26.718750 1.048533 -0.066991
26.734375 1.047486 -0.099548
26.750000 1.045931 -0.131971
26.765625 1.043869 -0.164244
26.781250 1.041302 -0.196351
26.796875 1.038234 -0.228278
26.812500 1.034668 -0.260010
26.828125 1.030605 -0.291531
26.843750 1.026050 -0.322826
26.859375 1.021006 -0.353881
26.875000 1.015476 -0.384682
26.890625 1.009466 -0.415213
26.906250 1.002978 -0.445462
26.921875 0.996018 -0.475413
26.937500 0.988589 -0.505052
26.953125 0.980698 -0.534368
26.968750 0.972348 -0.563344
26.984375 0.963546 -0.591970
27.000000 0.954296 -0.620231
27.015625 0.944605 -0.648114
27.031250 0.934479 -0.675608
27.046875 0.923922 -0.702699
27.062500 0.912943 -0.729376
27.078125 0.901546 -0.755626
27.093750 0.889739 -0.781438
27.109375 0.877529 -0.806800
27.125000 0.864923 -0.831702
27.140625 0.851928 -0.856132
27.156250 0.838551 -0.880079
27.171875 0.824800 -0.903533
27.187500 0.810682 -0.926485
27.203125 0.796205 -0.948923
27.218750 0.781379 -0.970839
27.234375 0.766209 -0.992224
27.250000 0.750706 -1.013067
27.265625 0.734877 -1.033361
27.281250 0.718730 -1.053096
27.296875 0.702276 -1.072266
27.312500 0.685521 -1.090861
27.328125 0.668477 -1.108875
27.343750 0.651151 -1.126299
27.359375 0.633552 -1.143128
27.375000 0.615691 -1.159354
27.390625 0.597576 -1.174972
27.406250 0.579217 -1.189974
27.421875 0.560624 -1.204356
27.437500 0.541806 -1.218112
27.453125 0.522773 -1.231237
27.468750 0.503535 -1.243726
27.484375 0.484101 -1.255574
27.500000 0.464483 -1.266779
27.515625 0.444690 -1.277335
27.531250 0.424731 -1.287240
27.546875 0.404618 -1.296490
27.562500 0.384360 -1.305083
27.578125 0.363968 -1.313016
27.593750 0.343453 -1.320287
27.609375 0.322823 -1.326894
27.625000 0.302090 -1.332836
27.640625 0.281265 -1.338111
27.656250 0.260357 -1.342719
27.671875 0.239377 -1.346659
27.687500 0.218335 -1.349931
27.703125 0.197243 -1.352536
27.718750 0.176109 -1.354473
27.734375 0.154946 -1.355743
27.750000 0.133762 -1.356349
27.765625 0.112569 -1.356290
27.781250 0.091377 -1.355570
27.796875 0.070196 -1.354189
27.812500 0.049037 -1.352151
27.828125 0.027910 -1.349458
27.843750 0.006825 -1.346113
27.859375 -0.014208 -1.342120
27.875000 -0.035179 -1.337481
27.890625 -0.056077 -1.332202
27.906250 -0.076893 -1.326287
27.921875 -0.097616 -1.319739
27.937500 -0.118237 -1.312565
27.953125 -0.138746 -1.304768
27.968750 -0.159133 -1.296355
27.984375 -0.179388 -1.287331
28.000000 -0.199503 -1.277702
28.015625 -0.219467 -1.267475
28.031250 -0.239271 -1.256655
28.046875 -0.258907 -1.245251
28.062500 -0.278364 -1.233269
28.078125 -0.297633 -1.220716
28.093750 -0.316707 -1.207600
28.109375 -0.335576 -1.193929
28.125000 -0.354231 -1.179712
28.140625 -0.372664 -1.164955
28.156250 -0.390866 -1.149669
28.171875 -0.408830 -1.133862
28.187500 -0.426547 -1.117543
28.203125 -0.444008 -1.100721
28.218750 -0.461207 -1.083406
28.234375 -0.478135 -1.065607
28.250000 -0.494785 -1.047336
28.265625 -0.511150 -1.028601
28.281250 -0.527222 -1.009413
28.296875 -0.542994 -0.989783
28.312500 -0.558459 -0.969721
28.328125 -0.573611 -0.949239
28.343750 -0.588443 -0.928347
28.359375 -0.602948 -0.907057
28.375000 -0.617121 -0.885380
28.390625 -0.630955 -0.863329
28.406250 -0.644445 -0.840913
28.421875 -0.657584 -0.818147
28.437500 -0.670368 -0.795040
28.453125 -0.682790 -0.771607
28.468750 -0.694846 -0.747858
28.484375 -0.706532 -0.723807
28.500000 -0.717841 -0.699466
28.515625 -0.728770 -0.674848
28.531250 -0.739315 -0.649965
28.546875 -0.749471 -0.624830
28.562500 -0.759234 -0.599457
28.578125 -0.768600 -0.573857
28.593750 -0.777567 -0.548045
28.609375 -0.786130 -0.522034
28.625000 -0.794287 -0.495836
28.640625 -0.802034 -0.469465
28.656250 -0.809369 -0.442934
28.671875 -0.816290 -0.416257
28.687500 -0.822794 -0.389447
28.703125 -0.828879 -0.362518
28.718750 -0.834544 -0.335483
28.734375 -0.839786 -0.308355
28.750000 -0.844604 -0.281148
28.765625 -0.848997 -0.253876
28.781250 -0.852963 -0.226551
28.796875 -0.856503 -0.199188
28.812500 -0.859616 -0.171800
28.828125 -0.862300 -0.144400
28.843750 -0.864556 -0.117002
28.859375 -0.866384 -0.089619
28.875000 -0.867785 -0.062264
28.890625 -0.868758 -0.034951
28.906250 -0.869304 -0.007693
28.921875 -0.869424 0.019496
28.937500 -0.869119 0.046605
28.953125 -0.868391 0.073619
28.968750 -0.867241 0.100526
28.984375 -0.865670 0.127314
29.000000 -0.863681 0.153968
29.015625 -0.861275 0.180477
29.031250 -0.858455 0.206828
29.046875 -0.855223 0.233008
29.062500 -0.851583 0.259006
29.078125 -0.847536 0.284808
29.093750 -0.843086 0.310404
29.109375 -0.838236 0.335780
29.125000 -0.832989 0.360926
29.140625 -0.827349 0.385829
29.156250 -0.821321 0.410478
29.171875 -0.814907 0.434861
29.187500 -0.808112 0.458968
29.203125 -0.800941 0.482787
29.218750 -0.793398 0.506308
29.234375 -0.785487 0.529519
29.250000 -0.777213 0.552411
29.265625 -0.768581 0.574973
29.281250 -0.759597 0.597194
29.296875 -0.750266 0.619065
29.312500 -0.740593 0.640577
29.328125 -0.730584 0.661718
29.343750 -0.720245 0.682481
29.359375 -0.709581 0.702856
29.375000 -0.698599 0.722834
29.390625 -0.687305 0.742406
29.406250 -0.675705 0.761565
29.421875 -0.663805 0.780301
29.437500 -0.651613 0.798606
29.453125 -0.639135 0.816473
29.468750 -0.626377 0.833895
29.484375 -0.613348 0.850863
29.500000 -0.600053 0.867371
29.515625 -0.586500 0.883412
29.531250 -0.572697 0.898980
29.546875 -0.558651 0.914067
29.562500 -0.544368 0.928669
29.578125 -0.529858 0.942778
29.593750 -0.515127 0.956390
29.609375 -0.500183 0.969499
29.625000 -0.485035 0.982100
29.640625 -0.469690 0.994188
29.656250 -0.454155 1.005759
29.671875 -0.438440 1.016809
29.687500 -0.422553 1.027332
29.703125 -0.406501 1.037327
29.718750 -0.390292 1.046788
29.734375 -0.373936 1.055714
29.750000 -0.357441 1.064100
29.765625 -0.340814 1.071945
29.781250 -0.324065 1.079245
29.796875 -0.307202 1.086000
29.812500 -0.290233 1.092206
29.828125 -0.273167 1.097863
29.843750 -0.256013 1.102968
29.859375 -0.238779 1.107522
29.875000 -0.221474 1.111523
29.890625 -0.204107 1.114971
29.906250 -0.186685 1.117865
29.921875 -0.169219 1.120205
29.937500 -0.151716 1.121993
29.953125 -0.134185 1.123228
29.968750 -0.116634 1.123911
29.984375 -0.099073 1.124043
30.000000 -0.081510 1.123627
